   500,0
     2,0       0,009826
     4,0       0,012294
     6,0       0,022849
     8,0       0,020332
    10,0       0,012233
    12,0       0,029178
    14,0       0,011787
    16,0       0,027344
    18,0       0,082986
    20,0       0,030968
    22,0       0,034257
    24,0       0,014907
    26,0       0,009765
    28,0       0,003613
    30,0       0,103042
    32,0       0,015220
    34,0       0,041244
    36,0       0,018339
    38,0       0,022203
    40,0       0,035708
    42,0       0,015331
    44,0       0,062159
    46,0       0,011775
    48,0       0,005450
    50,0       0,268338
    52,0       0,356850
    54,0       0,041921
    56,0       0,080058
    58,0       0,005077
    60,0       0,037943
    62,0       0,029337
    64,0       0,036052
    66,0       0,007294
    68,0       0,000893
    70,0       0,005902
    72,0       0,007008
    74,0       0,048268
    76,0       0,041754
    78,0       0,026643
    80,0       0,017312
    82,0       0,003441
    84,0       0,012271
    86,0       0,018536
    88,0       0,039285
    90,0       0,003257
    92,0       0,019291
    94,0       0,012221
    96,0       0,059950
    98,0       0,011323
   100,0       0,003857
   102,0       0,093745
   104,0       0,007410
   106,0       0,102439
   108,0       0,102021
   110,0       0,065863
   112,0       0,000067
   114,0       0,029988
   116,0       0,025820
   118,0       0,001106
   120,0       0,042320
   122,0       0,016066
   124,0       0,055176
   126,0       0,017283
   128,0       0,005276
   130,0       0,004630
   132,0       0,014889
   134,0       0,049154
   136,0       0,001376
   138,0       0,009220
   140,0       0,036261
   142,0       0,019969
   144,0       0,020958
   146,0       0,017163
   148,0       0,003068
   150,0       0,028434
   152,0       0,130390
   154,0       0,003521
   156,0       0,015309
   158,0       0,008826
   160,0       0,015375
   162,0       0,053278
   164,0       0,007255
   166,0       0,021814
   168,0       0,050960
   170,0       0,083600
   172,0       0,056241
   174,0       0,013351
   176,0       0,013172
   178,0       0,053131
   180,0       0,045254
   182,0       0,004434
   184,0       0,024418
   186,0       0,010391
   188,0       0,001962
   190,0       0,010427
   192,0       0,032936
   194,0       0,065608
   196,0       0,021437
   198,0       0,020379
   200,0       0,026324
   202,0       0,027083
   204,0       0,041664
   206,0       0,000587
   208,0       0,012003
   210,0       0,035164
   212,0       0,004461
   214,0       0,018067
   216,0       0,009923
   218,0       0,038550
   220,0       0,096651
   222,0       0,000498
   224,0       0,048748
   226,0       0,022807
   228,0       0,024896
   230,0       0,019339
   232,0       0,010764
   234,0       0,000296
   236,0       0,101752
   238,0       0,083671
   240,0       0,018280
   242,0       0,017983
   244,0       0,015531
   246,0       0,096754
   248,0       0,049000
   250,0       0,019624
   252,0       0,006968
   254,0       0,010393
   256,0       0,169282
   258,0       0,063719
   260,0       0,142060
   262,0       0,050457
   264,0       0,020300
   266,0       0,013238
   268,0       0,006775
   270,0       0,013317
   272,0       0,013844
   274,0       0,000867
   276,0       0,037305
   278,0       0,015494
   280,0       0,006148
   282,0       0,011832
   284,0       0,009461
   286,0       0,017283
   288,0       0,002227
   290,0       0,115312
   292,0       0,089868
   294,0       0,025373
   296,0       0,081229
   298,0       0,000576
   300,0       0,031160
   302,0       0,009963
   304,0       0,048987
   306,0       0,010343
   308,0       0,008938
   310,0       0,118677
   312,0       0,037259
   314,0       0,010732
   316,0       0,057992
   318,0       0,001775
   320,0       0,019046
   322,0       0,005055
   324,0       0,013167
   326,0       0,047493
   328,0       0,046416
   330,0       0,029249
   332,0       0,077325
   334,0       0,035339
   336,0       0,045346
   338,0       0,062557
   340,0       0,012900
   342,0       0,004967
   344,0       0,072935
   346,0       0,028665
   348,0       0,010116
   350,0       0,017425
   352,0       0,010454
   354,0       0,071512
   356,0       0,027041
   358,0       0,039439
   360,0       0,017227
   362,0       0,043182
   364,0       0,042623
   366,0       0,004532
   368,0       0,004277
   370,0       0,012198
   372,0       0,004003
   374,0       0,035561
   376,0       0,047920
   378,0       0,067632
   380,0       0,109967
   382,0       0,105985
   384,0       0,077477
   386,0       0,138518
   388,0       0,122578
   390,0       0,058512
   392,0       0,127155
   394,0       0,055088
   396,0       0,019447
   398,0       0,081055
   400,0       0,019056
   402,0       0,051089
   404,0       0,079146
   406,0       0,023236
   408,0       0,010024
   410,0       0,033365
   412,0       0,159252
   414,0       0,099624
   416,0       0,016586
   418,0       0,126658
   420,0       0,085923
   422,0       0,108835
   424,0       0,126659
   426,0       0,066869
   428,0       0,014559
   430,0       0,207898
   432,0       0,160936
   434,0       0,243180
   436,0       0,181334
   438,0       0,123807
   440,0       0,418696
   442,0       0,079125
   444,0       0,180762
   446,0       0,021009
   448,0       0,215504
   450,0       0,078712
   452,0       0,385218
   454,0       0,080521
   456,0       0,357800
   458,0       0,147701
   460,0       0,294651
   462,0       0,407828
   464,0       0,288323
   466,0       0,561653
   468,0       0,539159
   470,0       0,404708
   472,0       0,471621
   474,0       0,645771
   476,0       0,294908
   478,0       0,669246
   480,0       1,098243
   482,0       1,010341
   484,0       0,952056
   486,0       1,288271
   488,0       0,962160
   490,0       1,944136
   492,0       2,140196
   494,0       3,397550
   496,0       4,801655
   498,0       8,457778
   500,0      13,963497
   502,0      21,504571
   504,0      36,924479
   506,0      93,028408
   508,0     100,545246
   510,0      54,668739
   512,0      23,819052
   514,0      11,016804
   516,0       6,173528
   518,0       3,709908
   520,0       2,637575
   522,0       1,953427
   524,0       1,406760
   526,0       1,464718
   528,0       1,449269
   530,0       1,431759
   532,0       0,656084
   534,0       0,812468
   536,0       0,461277
   538,0       0,685064
   540,0       0,444151
   542,0       0,297364
   544,0       0,277911
   546,0       0,206402
   548,0       0,313201
   550,0       0,164396
   552,0       0,114361
   554,0       0,360895
   556,0       0,043411
   558,0       0,095075
   560,0       0,041460
   562,0       0,136597
   564,0       0,080457
   566,0       0,044835
   568,0       0,025911
   570,0       0,046280
   572,0       0,033133
   574,0       0,042158
   576,0       0,023666
   578,0       0,019937
   580,0       0,025800
   582,0       0,000963
   584,0       0,012346
   586,0       0,092303
   588,0       0,123199
   590,0       0,213978
   592,0       0,253928
   594,0       0,781998
   596,0       1,725061
   598,0       2,995189
   600,0       4,551427
   602,0      12,806653
   604,0      14,868390
   606,0      11,542230
   608,0       4,941885
   610,0       2,654962
   612,0       1,542454
   614,0       1,538526
   616,0       1,065631
   618,0       0,603696
   620,0       0,552791
   622,0       0,659360
   624,0       0,529413
   626,0       0,670615
   628,0       0,244386
   630,0       0,268148
   632,0       0,381280
   634,0       0,165873
   636,0       0,196320
   638,0       0,410570
   640,0       0,354660
   642,0       0,320023
   644,0       0,194337
   646,0       0,176322
   648,0       0,211520
   650,0       0,217198
   652,0       0,154112
   654,0       0,145369
   656,0       0,030590
   658,0       0,260699
   660,0       0,238795
   662,0       0,145536
   664,0       0,083392
   666,0       0,134886
   668,0       0,172465
   670,0       0,048838
   672,0       0,074534
   674,0       0,052804
   676,0       0,031856
   678,0       0,047756
   680,0       0,056097
   682,0       0,051098
   684,0       0,105556
   686,0       0,220729
   688,0       0,058470
   690,0       0,077380
   692,0       0,103515
   694,0       0,028815
   696,0       0,058487
   698,0       0,012130
   700,0       0,070978
   702,0       0,032681
   704,0       0,119454
   706,0       0,217254
   708,0       0,036890
   710,0       0,068305
   712,0       0,079682
   714,0       0,082379
   716,0       0,133171
   718,0       0,015312
   720,0       0,144342
   722,0       0,034104
   724,0       0,028438
   726,0       0,009554
   728,0       0,042667
   730,0       0,002679
   732,0       0,145233
   734,0       0,003166
   736,0       0,029789
   738,0       0,090326
   740,0       0,119682
   742,0       0,121016
   744,0       0,025767
   746,0       0,130520
   748,0       0,032953
   750,0       0,110228
   752,0       0,007195
   754,0       0,026735
   756,0       0,088431
   758,0       0,080377
   760,0       0,007673
   762,0       0,098170
   764,0       0,024851
   766,0       0,005149
   768,0       0,069030
   770,0       0,005559
   772,0       0,024596
   774,0       0,011767
   776,0       0,134436
   778,0       0,054190
   780,0       0,047444
   782,0       0,051653
   784,0       0,132047
   786,0       0,134942
   788,0       0,044815
   790,0       0,058836
   792,0       0,039863
   794,0       0,087078
   796,0       0,006287
   798,0       0,009415
   800,0       0,008445
   802,0       0,033813
   804,0       0,032436
   806,0       0,009018
   808,0       0,176731
   810,0       0,044869
   812,0       0,008420
   814,0       0,014448
   816,0       0,028000
   818,0       0,065797
   820,0       0,103043
   822,0       0,045946
   824,0       0,024240
   826,0       0,044534
   828,0       0,042944
   830,0       0,112702
   832,0       0,022708
   834,0       0,133146
   836,0       0,054447
   838,0       0,028358
   840,0       0,026875
   842,0       0,032679
   844,0       0,016611
   846,0       0,002847
   848,0       0,031248
   850,0       0,030221
   852,0       0,032769
   854,0       0,004161
   856,0       0,032555
   858,0       0,039498
   860,0       0,006875
   862,0       0,007518
   864,0       0,002734
   866,0       0,013238
   868,0       0,024384
   870,0       0,015368
   872,0       0,016496
   874,0       0,039492
   876,0       0,003436
   878,0       0,023698
   880,0       0,139825
   882,0       0,010014
   884,0       0,064129
   886,0       0,074788
   888,0       0,018281
   890,0       0,010371
   892,0       0,016898
   894,0       0,000760
   896,0       0,013394
   898,0       0,034639
   900,0       0,002620
   902,0       0,064603
   904,0       0,088050
   906,0       0,025265
   908,0       0,056331
   910,0       0,034458
   912,0       0,013487
   914,0       0,021886
   916,0       0,014309
   918,0       0,003194
   920,0       0,011545
   922,0       0,013964
   924,0       0,012206
   926,0       0,050299
   928,0       0,014760
   930,0       0,008950
   932,0       0,034618
   934,0       0,060838
   936,0       0,015965
   938,0       0,029025
   940,0       0,072882
   942,0       0,019435
   944,0       0,004395
   946,0       0,017576
   948,0       0,015724
   950,0       0,002899
   952,0       0,026098
   954,0       0,028055
   956,0       0,042930
   958,0       0,046596
   960,0       0,059854
   962,0       0,003831
   964,0       0,001725
   966,0       0,002799
   968,0       0,005670
   970,0       0,009607
   972,0       0,004701
   974,0       0,094133
   976,0       0,097227
   978,0       0,001725
   980,0       0,009571
   982,0       0,040415
   984,0       0,008494
   986,0       0,020171
   988,0       0,079250
   990,0       0,026454
   992,0       0,005488
   994,0       0,032393
   996,0       0,015939
   998,0       0,032786
  1000,0       0,029361
