500
2,000	0,000
4,000	0,000
6,000	0,000
8,000	0,000
10,000	0,000
12,000	0,000
14,000	0,004
16,000	0,002
18,000	0,005
20,000	0,004
22,000	0,002
24,000	0,006
26,000	0,009
28,000	0,006
30,000	0,004
32,000	0,011
34,000	0,009
36,000	0,009
38,000	0,003
40,000	0,006
42,000	0,007
44,000	0,010
46,000	0,008
48,000	0,007
50,000	0,010
52,000	0,001
54,000	0,010
56,000	0,011
58,000	0,010
60,000	0,004
62,000	0,005
64,000	0,005
66,000	0,006
68,000	0,001
70,000	0,005
72,000	0,003
74,000	0,006
76,000	0,004
78,000	0,004
80,000	0,004
82,000	0,003
84,000	0,002
86,000	0,004
88,000	0,000
90,000	0,005
92,000	0,004
94,000	0,006
96,000	0,001
98,000	0,006
100,000	0,005
102,000	0,004
104,000	0,009
106,000	0,009
108,000	0,006
110,000	0,007
112,000	0,004
114,000	0,008
116,000	0,008
118,000	0,005
120,000	0,012
122,000	0,010
124,000	0,010
126,000	0,007
128,000	0,014
130,000	0,013
132,000	0,006
134,000	0,010
136,000	0,016
138,000	0,015
140,000	0,008
142,000	0,009
144,000	0,005
146,000	0,007
148,000	0,011
150,000	0,016
152,000	0,011
154,000	0,005
156,000	0,003
158,000	0,007
160,000	0,006
162,000	0,008
164,000	0,002
166,000	0,007
168,000	0,005
170,000	0,003
172,000	0,001
174,000	0,004
176,000	0,004
178,000	0,002
180,000	0,003
182,000	0,003
184,000	0,004
186,000	0,004
188,000	0,003
190,000	0,008
192,000	0,002
194,000	0,009
196,000	0,007
198,000	0,005
200,000	0,003
202,000	0,009
204,000	0,010
206,000	0,005
208,000	0,005
210,000	0,006
212,000	0,008
214,000	0,006
216,000	0,009
218,000	0,013
220,000	0,006
222,000	0,010
224,000	0,010
226,000	0,008
228,000	0,009
230,000	0,008
232,000	0,011
234,000	0,006
236,000	0,008
238,000	0,011
240,000	0,013
242,000	0,004
244,000	0,009
246,000	0,006
248,000	0,005
250,000	0,003
252,000	0,005
254,000	0,008
256,000	0,008
258,000	0,004
260,000	0,009
262,000	0,006
264,000	0,006
266,000	0,003
268,000	0,005
270,000	0,005
272,000	0,006
274,000	0,004
276,000	0,007
278,000	0,010
280,000	0,003
282,000	0,009
284,000	0,008
286,000	0,007
288,000	0,009
290,000	0,007
292,000	0,006
294,000	0,010
296,000	0,007
298,000	0,009
300,000	0,012
302,000	0,012
304,000	0,013
306,000	0,012
308,000	0,010
310,000	0,010
312,000	0,012
314,000	0,018
316,000	0,010
318,000	0,013
320,000	0,009
322,000	0,010
324,000	0,009
326,000	0,008
328,000	0,007
330,000	0,011
332,000	0,010
334,000	0,010
336,000	0,004
338,000	0,010
340,000	0,010
342,000	0,009
344,000	0,006
346,000	0,006
348,000	0,005
350,000	0,007
352,000	0,005
354,000	0,009
356,000	0,006
358,000	0,008
360,000	0,008
362,000	0,010
364,000	0,009
366,000	0,009
368,000	0,011
370,000	0,016
372,000	0,017
374,000	0,017
376,000	0,018
378,000	0,013
380,000	0,017
382,000	0,013
384,000	0,011
386,000	0,016
388,000	0,019
390,000	0,019
392,000	0,017
394,000	0,022
396,000	0,021
398,000	0,022
400,000	0,023
402,000	0,024
404,000	0,024
406,000	0,028
408,000	0,027
410,000	0,033
412,000	0,036
414,000	0,035
416,000	0,035
418,000	0,034
420,000	0,042
422,000	0,042
424,000	0,049
426,000	0,053
428,000	0,065
430,000	0,065
432,000	0,067
434,000	0,070
436,000	0,049
438,000	0,054
440,000	0,052
442,000	0,030
444,000	0,030
446,000	0,020
448,000	0,011
450,000	0,012
452,000	0,006
454,000	0,012
456,000	0,008
458,000	0,017
460,000	0,019
462,000	0,020
464,000	0,018
466,000	0,023
468,000	0,037
470,000	0,053
472,000	0,060
474,000	0,056
476,000	0,066
478,000	0,064
480,000	0,056
482,000	0,062
484,000	0,055
486,000	0,041
488,000	0,044
490,000	0,034
492,000	0,032
494,000	0,027
496,000	0,026
498,000	0,024
500,000	0,020
502,000	0,022
504,000	0,025
506,000	0,021
508,000	0,021
510,000	0,018
512,000	0,014
514,000	0,017
516,000	0,013
518,000	0,013
520,000	0,013
522,000	0,014
524,000	0,011
526,000	0,013
528,000	0,010
530,000	0,013
532,000	0,009
534,000	0,010
536,000	0,008
538,000	0,006
540,000	0,007
542,000	0,007
544,000	0,005
546,000	0,005
548,000	0,004
550,000	0,004
552,000	0,004
554,000	0,003
556,000	0,007
558,000	0,007
560,000	0,011
562,000	0,018
564,000	0,018
566,000	0,024
568,000	0,021
570,000	0,029
572,000	0,027
574,000	0,022
576,000	0,026
578,000	0,020
580,000	0,023
582,000	0,022
584,000	0,016
586,000	0,014
588,000	0,017
590,000	0,014
592,000	0,015
594,000	0,011
596,000	0,016
598,000	0,013
600,000	0,012
602,000	0,013
604,000	0,015
606,000	0,014
608,000	0,014
610,000	0,011
612,000	0,010
614,000	0,014
616,000	0,017
618,000	0,012
620,000	0,008
622,000	0,009
624,000	0,011
626,000	0,012
628,000	0,012
630,000	0,007
632,000	0,012
634,000	0,006
636,000	0,009
638,000	0,008
640,000	0,003
642,000	0,005
644,000	0,006
646,000	0,010
648,000	0,005
650,000	0,000
652,000	0,005
654,000	0,004
656,000	0,002
658,000	0,003
660,000	0,003
662,000	0,007
664,000	0,007
666,000	0,006
668,000	0,007
670,000	0,005
672,000	0,004
674,000	0,005
676,000	0,002
678,000	0,005
680,000	0,002
682,000	0,008
684,000	0,008
686,000	0,004
688,000	0,008
690,000	0,008
692,000	0,008
694,000	0,005
696,000	0,005
698,000	0,004
700,000	0,009
702,000	0,008
704,000	0,006
706,000	0,010
708,000	0,008
710,000	0,007
712,000	0,010
714,000	0,011
716,000	0,003
718,000	0,003
720,000	0,002
722,000	0,004
724,000	0,001
726,000	0,005
728,000	0,006
730,000	0,006
732,000	0,005
734,000	0,009
736,000	0,006
738,000	0,004
740,000	0,005
742,000	0,002
744,000	0,002
746,000	0,005
748,000	0,005
750,000	0,001
752,000	0,003
754,000	0,004
756,000	0,003
758,000	0,001
760,000	0,002
762,000	0,002
764,000	0,004
766,000	0,009
768,000	0,007
770,000	0,001
772,000	0,005
774,000	0,003
776,000	0,005
778,000	0,007
780,000	0,008
782,000	0,005
784,000	0,005
786,000	0,007
788,000	0,005
790,000	0,008
792,000	0,003
794,000	0,008
796,000	0,006
798,000	0,003
800,000	0,005
802,000	0,006
804,000	0,013
806,000	0,008
808,000	0,005
810,000	0,008
812,000	0,003
814,000	0,003
816,000	0,003
818,000	0,007
820,000	0,003
822,000	0,004
824,000	0,003
826,000	0,004
828,000	0,006
830,000	0,004
832,000	0,003
834,000	0,003
836,000	0,004
838,000	0,005
840,000	0,005
842,000	0,006
844,000	0,006
846,000	0,004
848,000	0,002
850,000	0,002
852,000	0,002
854,000	0,003
856,000	0,003
858,000	0,004
860,000	0,006
862,000	0,003
864,000	0,006
866,000	0,002
868,000	0,011
870,000	0,009
872,000	0,003
874,000	0,008
876,000	0,008
878,000	0,009
880,000	0,003
882,000	0,005
884,000	0,003
886,000	0,001
888,000	0,005
890,000	0,007
892,000	0,001
894,000	0,007
896,000	0,006
898,000	0,003
900,000	0,002
902,000	0,004
904,000	0,006
906,000	0,007
908,000	0,004
910,000	0,004
912,000	0,001
914,000	0,008
916,000	0,007
918,000	0,003
920,000	0,003
922,000	0,003
924,000	0,006
926,000	0,001
928,000	0,008
930,000	0,006
932,000	0,002
934,000	0,004
936,000	0,006
938,000	0,006
940,000	0,002
942,000	0,002
944,000	0,007
946,000	0,009
948,000	0,007
950,000	0,009
952,000	0,008
954,000	0,002
956,000	0,001
958,000	0,004
960,000	0,004
962,000	0,001
964,000	0,004
966,000	0,004
968,000	0,004
970,000	0,003
972,000	0,001
974,000	0,005
976,000	0,007
978,000	0,001
980,000	0,006
982,000	0,005
984,000	0,001
986,000	0,003
988,000	0,005
990,000	0,004
992,000	0,004
994,000	0,002
996,000	0,007
998,000	0,007
1000,000	0,001
