500
2,000	0,000
4,000	0,000
6,000	0,000
8,000	0,000
10,000	0,000
12,000	0,000
14,000	0,022
16,000	0,021
18,000	0,019
20,000	0,020
22,000	0,019
24,000	0,020
26,000	0,029
28,000	0,021
30,000	0,019
32,000	0,024
34,000	0,016
36,000	0,018
38,000	0,022
40,000	0,021
42,000	0,023
44,000	0,020
46,000	0,021
48,000	0,018
50,000	0,023
52,000	0,021
54,000	0,015
56,000	0,020
58,000	0,023
60,000	0,024
62,000	0,018
64,000	0,016
66,000	0,020
68,000	0,022
70,000	0,022
72,000	0,022
74,000	0,019
76,000	0,026
78,000	0,017
80,000	0,020
82,000	0,020
84,000	0,021
86,000	0,017
88,000	0,022
90,000	0,022
92,000	0,020
94,000	0,019
96,000	0,018
98,000	0,022
100,000	0,018
102,000	0,015
104,000	0,028
106,000	0,028
108,000	0,022
110,000	0,024
112,000	0,022
114,000	0,025
116,000	0,017
118,000	0,025
120,000	0,022
122,000	0,020
124,000	0,023
126,000	0,022
128,000	0,024
130,000	0,026
132,000	0,024
134,000	0,019
136,000	0,024
138,000	0,028
140,000	0,029
142,000	0,021
144,000	0,025
146,000	0,029
148,000	0,026
150,000	0,035
152,000	0,030
154,000	0,021
156,000	0,024
158,000	0,025
160,000	0,026
162,000	0,024
164,000	0,024
166,000	0,026
168,000	0,024
170,000	0,022
172,000	0,028
174,000	0,029
176,000	0,032
178,000	0,026
180,000	0,029
182,000	0,027
184,000	0,030
186,000	0,036
188,000	0,029
190,000	0,031
192,000	0,034
194,000	0,037
196,000	0,031
198,000	0,035
200,000	0,035
202,000	0,039
204,000	0,040
206,000	0,043
208,000	0,045
210,000	0,047
212,000	0,051
214,000	0,051
216,000	0,055
218,000	0,052
220,000	0,051
222,000	0,042
224,000	0,014
226,000	0,015
228,000	0,031
230,000	0,044
232,000	0,044
234,000	0,039
236,000	0,040
238,000	0,052
240,000	0,030
242,000	0,036
244,000	0,074
246,000	0,058
248,000	0,036
250,000	0,079
252,000	0,056
254,000	0,063
256,000	0,067
258,000	0,070
260,000	0,076
262,000	0,084
264,000	0,084
266,000	0,103
268,000	0,103
270,000	0,114
272,000	0,122
274,000	0,153
276,000	0,155
278,000	0,191
280,000	0,234
282,000	0,349
284,000	0,523
286,000	0,904
288,000	0,856
290,000	0,414
292,000	0,328
294,000	0,247
296,000	0,232
298,000	0,192
300,000	0,175
302,000	0,154
304,000	0,139
306,000	0,123
308,000	0,113
310,000	0,094
312,000	0,089
314,000	0,079
316,000	0,085
318,000	0,060
320,000	0,072
322,000	0,067
324,000	0,048
326,000	0,055
328,000	0,063
330,000	0,048
332,000	0,030
334,000	0,045
336,000	0,049
338,000	0,045
340,000	0,030
342,000	0,028
344,000	0,026
346,000	0,017
348,000	0,014
350,000	0,014
352,000	0,033
354,000	0,027
356,000	0,028
358,000	0,031
360,000	0,024
362,000	0,029
364,000	0,033
366,000	0,027
368,000	0,021
370,000	0,026
372,000	0,022
374,000	0,023
376,000	0,017
378,000	0,015
380,000	0,020
382,000	0,018
384,000	0,013
386,000	0,016
388,000	0,014
390,000	0,014
392,000	0,009
394,000	0,008
396,000	0,009
398,000	0,008
400,000	0,005
402,000	0,005
404,000	0,011
406,000	0,011
408,000	0,012
410,000	0,012
412,000	0,015
414,000	0,012
416,000	0,019
418,000	0,017
420,000	0,002
422,000	0,006
424,000	0,004
426,000	0,008
428,000	0,008
430,000	0,007
432,000	0,007
434,000	0,007
436,000	0,009
438,000	0,016
440,000	0,013
442,000	0,004
444,000	0,007
446,000	0,005
448,000	0,008
450,000	0,007
452,000	0,010
454,000	0,020
456,000	0,022
458,000	0,019
460,000	0,023
462,000	0,023
464,000	0,035
466,000	0,037
468,000	0,042
470,000	0,064
472,000	0,094
474,000	0,164
476,000	0,264
478,000	0,223
480,000	0,106
482,000	0,096
484,000	0,075
486,000	0,077
488,000	0,058
490,000	0,058
492,000	0,046
494,000	0,048
496,000	0,042
498,000	0,042
500,000	0,032
502,000	0,032
504,000	0,035
506,000	0,035
508,000	0,028
510,000	0,033
512,000	0,023
514,000	0,019
516,000	0,022
518,000	0,027
520,000	0,022
522,000	0,012
524,000	0,020
526,000	0,024
528,000	0,017
530,000	0,023
532,000	0,013
534,000	0,012
536,000	0,015
538,000	0,015
540,000	0,011
542,000	0,013
544,000	0,016
546,000	0,016
548,000	0,019
550,000	0,016
552,000	0,014
554,000	0,011
556,000	0,017
558,000	0,017
560,000	0,006
562,000	0,016
564,000	0,012
566,000	0,016
568,000	0,015
570,000	0,020
572,000	0,010
574,000	0,009
576,000	0,016
578,000	0,016
580,000	0,016
582,000	0,017
584,000	0,014
586,000	0,013
588,000	0,006
590,000	0,011
592,000	0,007
594,000	0,012
596,000	0,009
598,000	0,015
600,000	0,015
602,000	0,011
604,000	0,009
606,000	0,005
608,000	0,016
610,000	0,010
612,000	0,014
614,000	0,015
616,000	0,010
618,000	0,013
620,000	0,012
622,000	0,008
624,000	0,007
626,000	0,016
628,000	0,007
630,000	0,006
632,000	0,009
634,000	0,006
636,000	0,010
638,000	0,008
640,000	0,010
642,000	0,010
644,000	0,005
646,000	0,013
648,000	0,006
650,000	0,008
652,000	0,008
654,000	0,008
656,000	0,010
658,000	0,009
660,000	0,006
662,000	0,007
664,000	0,008
666,000	0,004
668,000	0,011
670,000	0,012
672,000	0,007
674,000	0,005
676,000	0,004
678,000	0,009
680,000	0,007
682,000	0,002
684,000	0,005
686,000	0,006
688,000	0,005
690,000	0,005
692,000	0,008
694,000	0,002
696,000	0,009
698,000	0,009
700,000	0,002
702,000	0,011
704,000	0,011
706,000	0,002
708,000	0,013
710,000	0,010
712,000	0,006
714,000	0,012
716,000	0,003
718,000	0,006
720,000	0,001
722,000	0,005
724,000	0,011
726,000	0,014
728,000	0,009
730,000	0,008
732,000	0,007
734,000	0,011
736,000	0,009
738,000	0,008
740,000	0,008
742,000	0,004
744,000	0,005
746,000	0,004
748,000	0,005
750,000	0,008
752,000	0,007
754,000	0,012
756,000	0,005
758,000	0,005
760,000	0,006
762,000	0,007
764,000	0,005
766,000	0,001
768,000	0,004
770,000	0,002
772,000	0,006
774,000	0,005
776,000	0,010
778,000	0,009
780,000	0,002
782,000	0,003
784,000	0,005
786,000	0,009
788,000	0,006
790,000	0,002
792,000	0,003
794,000	0,002
796,000	0,008
798,000	0,011
800,000	0,002
802,000	0,009
804,000	0,005
806,000	0,008
808,000	0,009
810,000	0,004
812,000	0,007
814,000	0,013
816,000	0,007
818,000	0,005
820,000	0,007
822,000	0,002
824,000	0,003
826,000	0,003
828,000	0,007
830,000	0,008
832,000	0,004
834,000	0,009
836,000	0,004
838,000	0,009
840,000	0,008
842,000	0,010
844,000	0,006
846,000	0,004
848,000	0,007
850,000	0,006
852,000	0,008
854,000	0,006
856,000	0,002
858,000	0,003
860,000	0,003
862,000	0,002
864,000	0,004
866,000	0,003
868,000	0,004
870,000	0,004
872,000	0,002
874,000	0,002
876,000	0,002
878,000	0,000
880,000	0,002
882,000	0,001
884,000	0,004
886,000	0,005
888,000	0,011
890,000	0,011
892,000	0,004
894,000	0,005
896,000	0,003
898,000	0,002
900,000	0,002
902,000	0,003
904,000	0,009
906,000	0,011
908,000	0,006
910,000	0,007
912,000	0,009
914,000	0,006
916,000	0,004
918,000	0,004
920,000	0,002
922,000	0,005
924,000	0,005
926,000	0,003
928,000	0,006
930,000	0,005
932,000	0,013
934,000	0,012
936,000	0,004
938,000	0,001
940,000	0,004
942,000	0,005
944,000	0,003
946,000	0,005
948,000	0,008
950,000	0,008
952,000	0,008
954,000	0,008
956,000	0,002
958,000	0,004
960,000	0,003
962,000	0,003
964,000	0,003
966,000	0,001
968,000	0,001
970,000	0,004
972,000	0,008
974,000	0,007
976,000	0,004
978,000	0,001
980,000	0,002
982,000	0,004
984,000	0,006
986,000	0,003
988,000	0,004
990,000	0,006
992,000	0,000
994,000	0,006
996,000	0,004
998,000	0,006
1000,000	0,008
