500
2,000	0,000
4,000	0,000
6,000	0,000
8,000	0,000
10,000	0,000
12,000	0,000
14,000	0,013
16,000	0,007
18,000	0,015
20,000	0,007
22,000	0,014
24,000	0,010
26,000	0,010
28,000	0,008
30,000	0,014
32,000	0,011
34,000	0,008
36,000	0,015
38,000	0,014
40,000	0,012
42,000	0,010
44,000	0,013
46,000	0,014
48,000	0,007
50,000	0,011
52,000	0,008
54,000	0,009
56,000	0,009
58,000	0,014
60,000	0,008
62,000	0,018
64,000	0,015
66,000	0,008
68,000	0,013
70,000	0,006
72,000	0,014
74,000	0,009
76,000	0,016
78,000	0,013
80,000	0,007
82,000	0,010
84,000	0,013
86,000	0,016
88,000	0,012
90,000	0,008
92,000	0,008
94,000	0,015
96,000	0,009
98,000	0,009
100,000	0,010
102,000	0,015
104,000	0,018
106,000	0,015
108,000	0,013
110,000	0,014
112,000	0,013
114,000	0,010
116,000	0,013
118,000	0,011
120,000	0,009
122,000	0,012
124,000	0,016
126,000	0,014
128,000	0,014
130,000	0,013
132,000	0,005
134,000	0,014
136,000	0,013
138,000	0,015
140,000	0,013
142,000	0,012
144,000	0,013
146,000	0,010
148,000	0,014
150,000	0,011
152,000	0,008
154,000	0,009
156,000	0,016
158,000	0,015
160,000	0,016
162,000	0,011
164,000	0,014
166,000	0,015
168,000	0,013
170,000	0,019
172,000	0,013
174,000	0,019
176,000	0,014
178,000	0,016
180,000	0,014
182,000	0,012
184,000	0,016
186,000	0,019
188,000	0,024
190,000	0,011
192,000	0,021
194,000	0,014
196,000	0,019
198,000	0,022
200,000	0,017
202,000	0,020
204,000	0,011
206,000	0,023
208,000	0,016
210,000	0,018
212,000	0,014
214,000	0,020
216,000	0,020
218,000	0,016
220,000	0,022
222,000	0,015
224,000	0,026
226,000	0,022
228,000	0,025
230,000	0,023
232,000	0,027
234,000	0,027
236,000	0,028
238,000	0,028
240,000	0,036
242,000	0,039
244,000	0,046
246,000	0,048
248,000	0,047
250,000	0,050
252,000	0,063
254,000	0,062
256,000	0,085
258,000	0,070
260,000	0,110
262,000	0,153
264,000	0,120
266,000	0,098
268,000	0,076
270,000	0,050
272,000	0,035
274,000	0,032
276,000	0,023
278,000	0,018
280,000	0,016
282,000	0,015
284,000	0,011
286,000	0,018
288,000	0,017
290,000	0,017
292,000	0,023
294,000	0,029
296,000	0,033
298,000	0,038
300,000	0,049
302,000	0,054
304,000	0,113
306,000	0,114
308,000	0,096
310,000	0,089
312,000	0,059
314,000	0,053
316,000	0,044
318,000	0,035
320,000	0,030
322,000	0,031
324,000	0,029
326,000	0,022
328,000	0,027
330,000	0,024
332,000	0,017
334,000	0,014
336,000	0,017
338,000	0,019
340,000	0,017
342,000	0,020
344,000	0,010
346,000	0,011
348,000	0,010
350,000	0,009
352,000	0,013
354,000	0,004
356,000	0,010
358,000	0,005
360,000	0,009
362,000	0,004
364,000	0,008
366,000	0,012
368,000	0,005
370,000	0,007
372,000	0,007
374,000	0,010
376,000	0,015
378,000	0,004
380,000	0,020
382,000	0,014
384,000	0,020
386,000	0,021
388,000	0,025
390,000	0,031
392,000	0,023
394,000	0,041
396,000	0,051
398,000	0,040
400,000	0,090
402,000	0,115
404,000	0,099
406,000	0,080
408,000	0,065
410,000	0,054
412,000	0,044
414,000	0,044
416,000	0,035
418,000	0,035
420,000	0,024
422,000	0,025
424,000	0,026
426,000	0,037
428,000	0,032
430,000	0,030
432,000	0,025
434,000	0,014
436,000	0,023
438,000	0,019
440,000	0,019
442,000	0,015
444,000	0,020
446,000	0,016
448,000	0,009
450,000	0,014
452,000	0,010
454,000	0,012
456,000	0,013
458,000	0,018
460,000	0,007
462,000	0,014
464,000	0,010
466,000	0,010
468,000	0,013
470,000	0,007
472,000	0,009
474,000	0,004
476,000	0,009
478,000	0,006
480,000	0,013
482,000	0,009
484,000	0,008
486,000	0,009
488,000	0,006
490,000	0,012
492,000	0,004
494,000	0,016
496,000	0,012
498,000	0,003
500,000	0,003
502,000	0,008
504,000	0,012
506,000	0,006
508,000	0,008
510,000	0,006
512,000	0,014
514,000	0,007
516,000	0,007
518,000	0,008
520,000	0,005
522,000	0,009
524,000	0,005
526,000	0,015
528,000	0,010
530,000	0,009
532,000	0,007
534,000	0,007
536,000	0,006
538,000	0,005
540,000	0,006
542,000	0,007
544,000	0,014
546,000	0,006
548,000	0,006
550,000	0,001
552,000	0,007
554,000	0,006
556,000	0,008
558,000	0,008
560,000	0,004
562,000	0,008
564,000	0,003
566,000	0,012
568,000	0,008
570,000	0,007
572,000	0,006
574,000	0,006
576,000	0,007
578,000	0,003
580,000	0,008
582,000	0,002
584,000	0,002
586,000	0,005
588,000	0,008
590,000	0,004
592,000	0,011
594,000	0,005
596,000	0,008
598,000	0,007
600,000	0,003
602,000	0,003
604,000	0,007
606,000	0,010
608,000	0,006
610,000	0,006
612,000	0,004
614,000	0,010
616,000	0,003
618,000	0,012
620,000	0,014
622,000	0,004
624,000	0,009
626,000	0,006
628,000	0,003
630,000	0,003
632,000	0,005
634,000	0,007
636,000	0,005
638,000	0,007
640,000	0,002
642,000	0,011
644,000	0,007
646,000	0,002
648,000	0,003
650,000	0,007
652,000	0,008
654,000	0,005
656,000	0,006
658,000	0,005
660,000	0,008
662,000	0,004
664,000	0,013
666,000	0,007
668,000	0,008
670,000	0,010
672,000	0,004
674,000	0,009
676,000	0,004
678,000	0,007
680,000	0,003
682,000	0,008
684,000	0,006
686,000	0,005
688,000	0,003
690,000	0,004
692,000	0,004
694,000	0,007
696,000	0,010
698,000	0,004
700,000	0,003
702,000	0,004
704,000	0,007
706,000	0,005
708,000	0,004
710,000	0,008
712,000	0,004
714,000	0,006
716,000	0,006
718,000	0,001
720,000	0,001
722,000	0,004
724,000	0,003
726,000	0,004
728,000	0,006
730,000	0,002
732,000	0,006
734,000	0,002
736,000	0,007
738,000	0,006
740,000	0,003
742,000	0,004
744,000	0,001
746,000	0,002
748,000	0,007
750,000	0,008
752,000	0,002
754,000	0,005
756,000	0,007
758,000	0,006
760,000	0,001
762,000	0,009
764,000	0,010
766,000	0,005
768,000	0,006
770,000	0,006
772,000	0,009
774,000	0,006
776,000	0,002
778,000	0,004
780,000	0,003
782,000	0,007
784,000	0,004
786,000	0,003
788,000	0,004
790,000	0,007
792,000	0,003
794,000	0,010
796,000	0,009
798,000	0,003
800,000	0,002
802,000	0,008
804,000	0,009
806,000	0,004
808,000	0,007
810,000	0,005
812,000	0,004
814,000	0,011
816,000	0,013
818,000	0,008
820,000	0,005
822,000	0,007
824,000	0,004
826,000	0,003
828,000	0,004
830,000	0,006
832,000	0,002
834,000	0,006
836,000	0,005
838,000	0,004
840,000	0,007
842,000	0,003
844,000	0,011
846,000	0,006
848,000	0,001
850,000	0,002
852,000	0,009
854,000	0,008
856,000	0,008
858,000	0,010
860,000	0,003
862,000	0,004
864,000	0,001
866,000	0,003
868,000	0,009
870,000	0,013
872,000	0,007
874,000	0,002
876,000	0,005
878,000	0,003
880,000	0,000
882,000	0,007
884,000	0,011
886,000	0,007
888,000	0,000
890,000	0,002
892,000	0,005
894,000	0,005
896,000	0,002
898,000	0,002
900,000	0,006
902,000	0,008
904,000	0,008
906,000	0,008
908,000	0,007
910,000	0,005
912,000	0,003
914,000	0,002
916,000	0,005
918,000	0,003
920,000	0,007
922,000	0,008
924,000	0,005
926,000	0,004
928,000	0,005
930,000	0,006
932,000	0,005
934,000	0,003
936,000	0,003
938,000	0,004
940,000	0,005
942,000	0,005
944,000	0,007
946,000	0,006
948,000	0,005
950,000	0,010
952,000	0,009
954,000	0,003
956,000	0,002
958,000	0,003
960,000	0,008
962,000	0,005
964,000	0,002
966,000	0,007
968,000	0,006
970,000	0,007
972,000	0,012
974,000	0,007
976,000	0,005
978,000	0,008
980,000	0,005
982,000	0,005
984,000	0,001
986,000	0,005
988,000	0,006
990,000	0,002
992,000	0,005
994,000	0,005
996,000	0,005
998,000	0,006
1000,000	0,006
