500
2,000	0,000
4,000	0,000
6,000	0,000
8,000	0,000
10,000	0,000
12,000	0,000
14,000	0,004
16,000	0,008
18,000	0,002
20,000	0,006
22,000	0,002
24,000	0,005
26,000	0,004
28,000	0,006
30,000	0,003
32,000	0,006
34,000	0,001
36,000	0,006
38,000	0,005
40,000	0,003
42,000	0,001
44,000	0,004
46,000	0,004
48,000	0,011
50,000	0,004
52,000	0,010
54,000	0,014
56,000	0,008
58,000	0,002
60,000	0,010
62,000	0,006
64,000	0,005
66,000	0,007
68,000	0,005
70,000	0,002
72,000	0,004
74,000	0,003
76,000	0,008
78,000	0,003
80,000	0,008
82,000	0,007
84,000	0,004
86,000	0,002
88,000	0,007
90,000	0,002
92,000	0,006
94,000	0,005
96,000	0,007
98,000	0,005
100,000	0,004
102,000	0,006
104,000	0,010
106,000	0,007
108,000	0,004
110,000	0,007
112,000	0,005
114,000	0,007
116,000	0,004
118,000	0,007
120,000	0,005
122,000	0,003
124,000	0,005
126,000	0,009
128,000	0,010
130,000	0,005
132,000	0,007
134,000	0,002
136,000	0,007
138,000	0,005
140,000	0,004
142,000	0,006
144,000	0,005
146,000	0,002
148,000	0,006
150,000	0,005
152,000	0,012
154,000	0,011
156,000	0,006
158,000	0,004
160,000	0,008
162,000	0,006
164,000	0,005
166,000	0,006
168,000	0,007
170,000	0,009
172,000	0,004
174,000	0,009
176,000	0,005
178,000	0,003
180,000	0,007
182,000	0,008
184,000	0,002
186,000	0,006
188,000	0,004
190,000	0,007
192,000	0,007
194,000	0,003
196,000	0,010
198,000	0,008
200,000	0,003
202,000	0,008
204,000	0,012
206,000	0,006
208,000	0,005
210,000	0,002
212,000	0,009
214,000	0,009
216,000	0,008
218,000	0,007
220,000	0,007
222,000	0,005
224,000	0,007
226,000	0,011
228,000	0,003
230,000	0,008
232,000	0,003
234,000	0,005
236,000	0,008
238,000	0,006
240,000	0,007
242,000	0,008
244,000	0,004
246,000	0,009
248,000	0,007
250,000	0,006
252,000	0,008
254,000	0,007
256,000	0,009
258,000	0,012
260,000	0,005
262,000	0,010
264,000	0,010
266,000	0,002
268,000	0,010
270,000	0,009
272,000	0,008
274,000	0,006
276,000	0,008
278,000	0,005
280,000	0,011
282,000	0,009
284,000	0,007
286,000	0,009
288,000	0,008
290,000	0,012
292,000	0,009
294,000	0,006
296,000	0,009
298,000	0,011
300,000	0,009
302,000	0,015
304,000	0,002
306,000	0,013
308,000	0,008
310,000	0,007
312,000	0,007
314,000	0,011
316,000	0,005
318,000	0,010
320,000	0,011
322,000	0,006
324,000	0,011
326,000	0,009
328,000	0,008
330,000	0,013
332,000	0,014
334,000	0,009
336,000	0,013
338,000	0,003
340,000	0,014
342,000	0,006
344,000	0,008
346,000	0,010
348,000	0,010
350,000	0,005
352,000	0,011
354,000	0,007
356,000	0,011
358,000	0,011
360,000	0,009
362,000	0,017
364,000	0,008
366,000	0,006
368,000	0,014
370,000	0,015
372,000	0,012
374,000	0,017
376,000	0,008
378,000	0,010
380,000	0,010
382,000	0,013
384,000	0,012
386,000	0,013
388,000	0,014
390,000	0,015
392,000	0,014
394,000	0,011
396,000	0,017
398,000	0,018
400,000	0,017
402,000	0,015
404,000	0,013
406,000	0,019
408,000	0,018
410,000	0,012
412,000	0,019
414,000	0,018
416,000	0,013
418,000	0,017
420,000	0,015
422,000	0,018
424,000	0,016
426,000	0,010
428,000	0,016
430,000	0,014
432,000	0,015
434,000	0,019
436,000	0,017
438,000	0,026
440,000	0,030
442,000	0,025
444,000	0,022
446,000	0,030
448,000	0,021
450,000	0,021
452,000	0,018
454,000	0,028
456,000	0,034
458,000	0,024
460,000	0,027
462,000	0,026
464,000	0,030
466,000	0,037
468,000	0,039
470,000	0,038
472,000	0,052
474,000	0,064
476,000	0,082
478,000	0,127
480,000	0,117
482,000	0,138
484,000	0,137
486,000	0,068
488,000	0,057
490,000	0,059
492,000	0,056
494,000	0,044
496,000	0,037
498,000	0,027
500,000	0,023
502,000	0,024
504,000	0,017
506,000	0,007
508,000	0,015
510,000	0,005
512,000	0,012
514,000	0,007
516,000	0,018
518,000	0,031
520,000	0,046
522,000	0,075
524,000	0,111
526,000	0,105
528,000	0,143
530,000	0,144
532,000	0,077
534,000	0,073
536,000	0,065
538,000	0,066
540,000	0,061
542,000	0,052
544,000	0,043
546,000	0,047
548,000	0,044
550,000	0,037
552,000	0,030
554,000	0,029
556,000	0,028
558,000	0,033
560,000	0,030
562,000	0,017
564,000	0,025
566,000	0,016
568,000	0,025
570,000	0,017
572,000	0,018
574,000	0,015
576,000	0,019
578,000	0,018
580,000	0,022
582,000	0,017
584,000	0,018
586,000	0,022
588,000	0,015
590,000	0,011
592,000	0,008
594,000	0,011
596,000	0,017
598,000	0,011
600,000	0,010
602,000	0,012
604,000	0,010
606,000	0,011
608,000	0,012
610,000	0,003
612,000	0,007
614,000	0,006
616,000	0,008
618,000	0,009
620,000	0,012
622,000	0,008
624,000	0,015
626,000	0,005
628,000	0,009
630,000	0,008
632,000	0,004
634,000	0,012
636,000	0,018
638,000	0,006
640,000	0,011
642,000	0,006
644,000	0,007
646,000	0,007
648,000	0,006
650,000	0,005
652,000	0,009
654,000	0,004
656,000	0,009
658,000	0,009
660,000	0,006
662,000	0,009
664,000	0,003
666,000	0,010
668,000	0,007
670,000	0,008
672,000	0,005
674,000	0,009
676,000	0,005
678,000	0,005
680,000	0,004
682,000	0,007
684,000	0,012
686,000	0,009
688,000	0,006
690,000	0,008
692,000	0,010
694,000	0,006
696,000	0,010
698,000	0,004
700,000	0,005
702,000	0,005
704,000	0,009
706,000	0,006
708,000	0,013
710,000	0,006
712,000	0,006
714,000	0,001
716,000	0,009
718,000	0,006
720,000	0,006
722,000	0,007
724,000	0,005
726,000	0,002
728,000	0,005
730,000	0,006
732,000	0,003
734,000	0,006
736,000	0,003
738,000	0,006
740,000	0,009
742,000	0,005
744,000	0,011
746,000	0,006
748,000	0,007
750,000	0,009
752,000	0,005
754,000	0,004
756,000	0,006
758,000	0,003
760,000	0,007
762,000	0,008
764,000	0,012
766,000	0,008
768,000	0,005
770,000	0,001
772,000	0,011
774,000	0,007
776,000	0,005
778,000	0,006
780,000	0,004
782,000	0,005
784,000	0,006
786,000	0,010
788,000	0,002
790,000	0,007
792,000	0,009
794,000	0,014
796,000	0,008
798,000	0,002
800,000	0,004
802,000	0,002
804,000	0,004
806,000	0,006
808,000	0,000
810,000	0,006
812,000	0,005
814,000	0,004
816,000	0,004
818,000	0,004
820,000	0,006
822,000	0,009
824,000	0,007
826,000	0,003
828,000	0,004
830,000	0,005
832,000	0,006
834,000	0,005
836,000	0,004
838,000	0,007
840,000	0,007
842,000	0,004
844,000	0,005
846,000	0,009
848,000	0,009
850,000	0,012
852,000	0,007
854,000	0,007
856,000	0,002
858,000	0,007
860,000	0,008
862,000	0,004
864,000	0,004
866,000	0,006
868,000	0,002
870,000	0,005
872,000	0,005
874,000	0,000
876,000	0,003
878,000	0,007
880,000	0,005
882,000	0,003
884,000	0,006
886,000	0,004
888,000	0,003
890,000	0,004
892,000	0,008
894,000	0,007
896,000	0,003
898,000	0,002
900,000	0,001
902,000	0,002
904,000	0,005
906,000	0,003
908,000	0,003
910,000	0,004
912,000	0,003
914,000	0,008
916,000	0,006
918,000	0,001
920,000	0,004
922,000	0,007
924,000	0,003
926,000	0,005
928,000	0,006
930,000	0,002
932,000	0,005
934,000	0,001
936,000	0,005
938,000	0,004
940,000	0,006
942,000	0,008
944,000	0,009
946,000	0,012
948,000	0,010
950,000	0,003
952,000	0,009
954,000	0,004
956,000	0,005
958,000	0,000
960,000	0,007
962,000	0,009
964,000	0,013
966,000	0,010
968,000	0,004
970,000	0,003
972,000	0,010
974,000	0,009
976,000	0,006
978,000	0,006
980,000	0,003
982,000	0,008
984,000	0,005
986,000	0,003
988,000	0,004
990,000	0,003
992,000	0,004
994,000	0,008
996,000	0,003
998,000	0,002
1000,000	0,002
