500
2,000	0,000
4,000	0,000
6,000	0,000
8,000	0,000
10,000	0,000
12,000	0,000
14,000	0,018
16,000	0,019
18,000	0,022
20,000	0,022
22,000	0,020
24,000	0,027
26,000	0,022
28,000	0,029
30,000	0,022
32,000	0,024
34,000	0,021
36,000	0,022
38,000	0,022
40,000	0,021
42,000	0,022
44,000	0,019
46,000	0,023
48,000	0,027
50,000	0,019
52,000	0,026
54,000	0,024
56,000	0,019
58,000	0,020
60,000	0,024
62,000	0,023
64,000	0,018
66,000	0,017
68,000	0,024
70,000	0,021
72,000	0,020
74,000	0,024
76,000	0,027
78,000	0,022
80,000	0,025
82,000	0,026
84,000	0,017
86,000	0,025
88,000	0,022
90,000	0,021
92,000	0,027
94,000	0,023
96,000	0,021
98,000	0,022
100,000	0,021
102,000	0,018
104,000	0,020
106,000	0,021
108,000	0,022
110,000	0,024
112,000	0,020
114,000	0,023
116,000	0,019
118,000	0,024
120,000	0,020
122,000	0,021
124,000	0,026
126,000	0,024
128,000	0,024
130,000	0,024
132,000	0,024
134,000	0,025
136,000	0,023
138,000	0,024
140,000	0,016
142,000	0,027
144,000	0,025
146,000	0,027
148,000	0,025
150,000	0,019
152,000	0,027
154,000	0,028
156,000	0,019
158,000	0,024
160,000	0,022
162,000	0,025
164,000	0,023
166,000	0,027
168,000	0,026
170,000	0,026
172,000	0,018
174,000	0,028
176,000	0,023
178,000	0,030
180,000	0,023
182,000	0,029
184,000	0,026
186,000	0,024
188,000	0,025
190,000	0,022
192,000	0,028
194,000	0,028
196,000	0,028
198,000	0,027
200,000	0,024
202,000	0,027
204,000	0,021
206,000	0,031
208,000	0,029
210,000	0,030
212,000	0,025
214,000	0,026
216,000	0,021
218,000	0,022
220,000	0,023
222,000	0,029
224,000	0,024
226,000	0,023
228,000	0,028
230,000	0,028
232,000	0,020
234,000	0,025
236,000	0,021
238,000	0,030
240,000	0,023
242,000	0,025
244,000	0,024
246,000	0,024
248,000	0,031
250,000	0,025
252,000	0,031
254,000	0,034
256,000	0,031
258,000	0,030
260,000	0,032
262,000	0,032
264,000	0,031
266,000	0,037
268,000	0,031
270,000	0,033
272,000	0,034
274,000	0,032
276,000	0,025
278,000	0,036
280,000	0,033
282,000	0,029
284,000	0,034
286,000	0,033
288,000	0,031
290,000	0,033
292,000	0,031
294,000	0,032
296,000	0,032
298,000	0,038
300,000	0,027
302,000	0,030
304,000	0,030
306,000	0,035
308,000	0,032
310,000	0,035
312,000	0,037
314,000	0,038
316,000	0,041
318,000	0,033
320,000	0,036
322,000	0,041
324,000	0,044
326,000	0,042
328,000	0,044
330,000	0,046
332,000	0,039
334,000	0,037
336,000	0,039
338,000	0,036
340,000	0,039
342,000	0,040
344,000	0,038
346,000	0,034
348,000	0,042
350,000	0,038
352,000	0,041
354,000	0,045
356,000	0,042
358,000	0,038
360,000	0,042
362,000	0,031
364,000	0,034
366,000	0,036
368,000	0,038
370,000	0,044
372,000	0,045
374,000	0,040
376,000	0,047
378,000	0,044
380,000	0,049
382,000	0,044
384,000	0,053
386,000	0,047
388,000	0,052
390,000	0,052
392,000	0,055
394,000	0,048
396,000	0,052
398,000	0,059
400,000	0,059
402,000	0,049
404,000	0,057
406,000	0,068
408,000	0,066
410,000	0,067
412,000	0,077
414,000	0,068
416,000	0,070
418,000	0,061
420,000	0,065
422,000	0,061
424,000	0,060
426,000	0,059
428,000	0,051
430,000	0,056
432,000	0,059
434,000	0,059
436,000	0,065
438,000	0,061
440,000	0,060
442,000	0,069
444,000	0,068
446,000	0,067
448,000	0,068
450,000	0,073
452,000	0,083
454,000	0,078
456,000	0,079
458,000	0,086
460,000	0,095
462,000	0,095
464,000	0,103
466,000	0,111
468,000	0,111
470,000	0,117
472,000	0,118
474,000	0,122
476,000	0,125
478,000	0,136
480,000	0,141
482,000	0,153
484,000	0,161
486,000	0,179
488,000	0,191
490,000	0,209
492,000	0,228
494,000	0,255
496,000	0,283
498,000	0,317
500,000	0,365
502,000	0,402
504,000	0,467
506,000	0,593
508,000	0,643
510,000	0,596
512,000	0,503
514,000	0,443
516,000	0,413
518,000	0,388
520,000	0,376
522,000	0,354
524,000	0,351
526,000	0,330
528,000	0,309
530,000	0,289
532,000	0,273
534,000	0,259
536,000	0,241
538,000	0,227
540,000	0,211
542,000	0,212
544,000	0,214
546,000	0,208
548,000	0,205
550,000	0,184
552,000	0,180
554,000	0,167
556,000	0,148
558,000	0,140
560,000	0,136
562,000	0,124
564,000	0,116
566,000	0,108
568,000	0,104
570,000	0,096
572,000	0,105
574,000	0,092
576,000	0,094
578,000	0,089
580,000	0,085
582,000	0,081
584,000	0,084
586,000	0,081
588,000	0,080
590,000	0,076
592,000	0,071
594,000	0,063
596,000	0,064
598,000	0,053
600,000	0,045
602,000	0,036
604,000	0,038
606,000	0,057
608,000	0,067
610,000	0,059
612,000	0,056
614,000	0,048
616,000	0,050
618,000	0,045
620,000	0,051
622,000	0,047
624,000	0,044
626,000	0,042
628,000	0,039
630,000	0,039
632,000	0,038
634,000	0,038
636,000	0,036
638,000	0,036
640,000	0,034
642,000	0,034
644,000	0,040
646,000	0,036
648,000	0,041
650,000	0,039
652,000	0,032
654,000	0,040
656,000	0,033
658,000	0,031
660,000	0,035
662,000	0,034
664,000	0,031
666,000	0,030
668,000	0,033
670,000	0,033
672,000	0,035
674,000	0,030
676,000	0,029
678,000	0,030
680,000	0,022
682,000	0,031
684,000	0,031
686,000	0,032
688,000	0,027
690,000	0,024
692,000	0,021
694,000	0,021
696,000	0,015
698,000	0,014
700,000	0,025
702,000	0,021
704,000	0,026
706,000	0,025
708,000	0,020
710,000	0,023
712,000	0,025
714,000	0,021
716,000	0,017
718,000	0,029
720,000	0,020
722,000	0,022
724,000	0,014
726,000	0,020
728,000	0,018
730,000	0,023
732,000	0,020
734,000	0,021
736,000	0,024
738,000	0,015
740,000	0,018
742,000	0,020
744,000	0,018
746,000	0,021
748,000	0,020
750,000	0,021
752,000	0,018
754,000	0,021
756,000	0,019
758,000	0,018
760,000	0,019
762,000	0,023
764,000	0,018
766,000	0,019
768,000	0,022
770,000	0,016
772,000	0,019
774,000	0,023
776,000	0,017
778,000	0,020
780,000	0,014
782,000	0,011
784,000	0,008
786,000	0,019
788,000	0,013
790,000	0,018
792,000	0,012
794,000	0,019
796,000	0,011
798,000	0,016
800,000	0,019
802,000	0,010
804,000	0,011
806,000	0,012
808,000	0,008
810,000	0,013
812,000	0,015
814,000	0,011
816,000	0,008
818,000	0,012
820,000	0,008
822,000	0,015
824,000	0,020
826,000	0,012
828,000	0,017
830,000	0,020
832,000	0,019
834,000	0,013
836,000	0,012
838,000	0,018
840,000	0,014
842,000	0,009
844,000	0,014
846,000	0,016
848,000	0,018
850,000	0,010
852,000	0,014
854,000	0,014
856,000	0,016
858,000	0,011
860,000	0,013
862,000	0,008
864,000	0,012
866,000	0,011
868,000	0,010
870,000	0,004
872,000	0,011
874,000	0,015
876,000	0,008
878,000	0,011
880,000	0,018
882,000	0,012
884,000	0,013
886,000	0,011
888,000	0,013
890,000	0,014
892,000	0,007
894,000	0,010
896,000	0,011
898,000	0,006
900,000	0,015
902,000	0,017
904,000	0,009
906,000	0,010
908,000	0,005
910,000	0,010
912,000	0,004
914,000	0,011
916,000	0,010
918,000	0,006
920,000	0,009
922,000	0,005
924,000	0,012
926,000	0,006
928,000	0,013
930,000	0,009
932,000	0,012
934,000	0,008
936,000	0,010
938,000	0,011
940,000	0,008
942,000	0,017
944,000	0,013
946,000	0,005
948,000	0,008
950,000	0,013
952,000	0,015
954,000	0,002
956,000	0,011
958,000	0,005
960,000	0,012
962,000	0,012
964,000	0,005
966,000	0,006
968,000	0,010
970,000	0,011
972,000	0,004
974,000	0,010
976,000	0,009
978,000	0,013
980,000	0,008
982,000	0,012
984,000	0,003
986,000	0,014
988,000	0,010
990,000	0,009
992,000	0,012
994,000	0,003
996,000	0,012
998,000	0,004
1000,000	0,010
