1,000	1,000	535,100	990,000
1,000	1,000	535,200	268,000
1,000	1,000	535,300	170,000
1,000	1,000	535,400	88,000
1,000	1,000	535,500	61,000
1,000	1,000	535,600	54,000
1,000	1,000	535,700	50,000
1,000	1,000	535,800	49,000
1,000	1,000	535,900	59,000
1,000	1,000	536,000	51,000
1,000	1,000	536,100	50,000
1,000	1,000	536,200	47,000
1,000	1,000	536,300	57,000
1,000	1,000	536,400	53,000
1,000	1,000	536,500	50,000
1,000	1,000	536,600	48,000
1,000	1,000	536,700	45,000
1,000	1,000	536,800	50,000
1,000	1,000	536,900	67,000
1,000	1,000	537,000	58,000
1,000	1,000	537,100	45,000
1,000	1,000	537,200	53,000
1,000	1,000	537,300	55,000
1,000	1,000	537,400	41,000
1,000	1,000	537,500	49,000
1,000	1,000	537,600	48,000
1,000	1,000	537,700	47,000
1,000	1,000	537,800	53,000
1,000	1,000	537,900	49,000
1,000	1,000	538,000	67,000
1,000	1,000	538,100	63,000
1,000	1,000	538,200	54,000
1,000	1,000	538,300	44,000
1,000	1,000	538,400	38,000
1,000	1,000	538,500	49,000
1,000	1,000	538,600	52,000
1,000	1,000	538,700	50,000
1,000	1,000	538,800	51,000
1,000	1,000	538,900	59,000
1,000	1,000	539,000	52,000
1,000	1,000	539,100	65,000
1,000	1,000	539,200	52,000
1,000	1,000	539,300	50,000
1,000	1,000	539,400	47,000
1,000	1,000	539,500	50,000
1,000	1,000	539,600	78,000
1,000	1,000	539,700	69,000
1,000	1,000	539,800	66,000
1,000	1,000	539,900	72,000
1,000	1,000	540,000	92,000
1,000	1,000	540,100	70,000
1,000	1,000	540,200	69,000
1,000	1,000	540,300	77,000
1,000	1,000	540,400	76,000
1,000	1,000	540,500	89,000
1,000	1,000	540,600	87,000
1,000	1,000	540,700	104,000
1,000	1,000	540,800	95,000
1,000	1,000	540,900	107,000
1,000	1,000	541,000	116,000
1,000	1,000	541,100	101,000
1,000	1,000	541,200	96,000
1,000	1,000	541,300	114,000
1,000	1,000	541,400	102,000
1,000	1,000	541,500	124,000
1,000	1,000	541,600	123,000
1,000	1,000	541,700	122,000
1,000	1,000	541,800	132,000
1,000	1,000	541,900	131,000
1,000	1,000	542,000	124,000
1,000	1,000	542,100	130,000
1,000	1,000	542,200	141,000
1,000	1,000	542,300	151,000
1,000	1,000	542,400	136,000
1,000	1,000	542,500	116,000
1,000	1,000	542,600	150,000
1,000	1,000	542,700	122,000
1,000	1,000	542,800	138,000
1,000	1,000	542,900	157,000
1,000	1,000	543,000	138,000
1,000	1,000	543,100	141,000
1,000	1,000	543,200	139,000
1,000	1,000	543,300	155,000
1,000	1,000	543,400	148,000
1,000	1,000	543,500	139,000
1,000	1,000	543,600	158,000
1,000	1,000	543,700	172,000
1,000	1,000	543,800	144,000
1,000	1,000	543,900	136,000
1,000	1,000	544,000	152,000
1,000	1,000	544,100	152,000
1,000	1,000	544,200	145,000
1,000	1,000	544,300	149,000
1,000	1,000	544,400	153,000
1,000	1,000	544,500	147,000
1,000	1,000	544,600	160,000
1,000	1,000	544,700	159,000
1,000	1,000	544,800	148,000
1,000	1,000	544,900	141,000
1,000	1,000	545,000	162,000
1,000	1,000	545,100	146,000
1,000	1,000	545,200	163,000
1,000	1,000	545,300	145,000
1,000	1,000	545,400	156,000
1,000	1,000	545,500	179,000
1,000	1,000	545,600	144,000
1,000	1,000	545,700	159,000
1,000	1,000	545,800	157,000
1,000	1,000	545,900	166,000
1,000	1,000	546,000	147,000
1,000	1,000	546,100	142,000
1,000	1,000	546,200	157,000
1,000	1,000	546,300	159,000
1,000	1,000	546,400	162,000
1,000	1,000	546,500	154,000
1,000	1,000	546,600	161,000
1,000	1,000	546,700	141,000
1,000	1,000	546,800	151,000
1,000	1,000	546,900	169,000
1,000	1,000	547,000	160,000
1,000	1,000	547,100	152,000
1,000	1,000	547,200	146,000
1,000	1,000	547,300	135,000
1,000	1,000	547,400	142,000
1,000	1,000	547,500	146,000
1,000	1,000	547,600	148,000
1,000	1,000	547,700	150,000
1,000	1,000	547,800	137,000
1,000	1,000	547,900	143,000
1,000	1,000	548,000	140,000
1,000	1,000	548,100	128,000
1,000	1,000	548,200	150,000
1,000	1,000	548,300	162,000
1,000	1,000	548,400	143,000
1,000	1,000	548,500	136,000
1,000	1,000	548,600	132,000
1,000	1,000	548,700	115,000
1,000	1,000	548,800	152,000
1,000	1,000	548,900	139,000
1,000	1,000	549,000	123,000
1,000	1,000	549,100	152,000
1,000	1,000	549,200	110,000
1,000	1,000	549,300	146,000
1,000	1,000	549,400	144,000
1,000	1,000	549,500	134,000
1,000	1,000	549,600	154,000
1,000	1,000	549,700	125,000
1,000	1,000	549,800	125,000
1,000	1,000	549,900	137,000
1,000	1,000	550,000	136,000
1,000	1,000	550,100	136,000
1,000	1,000	550,200	133,000
1,000	1,000	550,300	117,000
1,000	1,000	550,400	145,000
1,000	1,000	550,500	117,000
1,000	1,000	550,600	114,000
1,000	1,000	550,700	136,000
1,000	1,000	550,800	135,000
1,000	1,000	550,900	132,000
1,000	1,000	551,000	144,000
1,000	1,000	551,100	126,000
1,000	1,000	551,200	141,000
1,000	1,000	551,300	126,000
1,000	1,000	551,400	142,000
1,000	1,000	551,500	137,000
1,000	1,000	551,600	141,000
1,000	1,000	551,700	125,000
1,000	1,000	551,800	118,000
1,000	1,000	551,900	119,000
1,000	1,000	552,000	127,000
1,000	1,000	552,100	131,000
1,000	1,000	552,200	123,000
1,000	1,000	552,300	108,000
1,000	1,000	552,400	158,000
1,000	1,000	552,500	146,000
1,000	1,000	552,600	116,000
1,000	1,000	552,700	144,000
1,000	1,000	552,800	116,000
1,000	1,000	552,900	131,000
1,000	1,000	553,000	113,000
1,000	1,000	553,100	136,000
1,000	1,000	553,200	113,000
1,000	1,000	553,300	144,000
1,000	1,000	553,400	122,000
1,000	1,000	553,500	114,000
1,000	1,000	553,600	117,000
1,000	1,000	553,700	122,000
1,000	1,000	553,800	137,000
1,000	1,000	553,900	128,000
1,000	1,000	554,000	117,000
1,000	1,000	554,100	144,000
1,000	1,000	554,200	133,000
1,000	1,000	554,300	120,000
1,000	1,000	554,400	135,000
1,000	1,000	554,500	108,000
1,000	1,000	554,600	122,000
1,000	1,000	554,700	135,000
1,000	1,000	554,800	110,000
1,000	1,000	554,900	152,000
1,000	1,000	555,000	123,000
1,000	1,000	555,100	115,000
1,000	1,000	555,200	131,000
1,000	1,000	555,300	121,000
1,000	1,000	555,400	122,000
1,000	1,000	555,500	116,000
1,000	1,000	555,600	137,000
1,000	1,000	555,700	131,000
1,000	1,000	555,800	141,000
1,000	1,000	555,900	125,000
1,000	1,000	556,000	128,000
1,000	1,000	556,100	127,000
1,000	1,000	556,200	125,000
1,000	1,000	556,300	161,000
1,000	1,000	556,400	146,000
1,000	1,000	556,500	142,000
1,000	1,000	556,600	154,000
1,000	1,000	556,700	142,000
1,000	1,000	556,800	121,000
1,000	1,000	556,900	129,000
1,000	1,000	557,000	141,000
1,000	1,000	557,100	137,000
1,000	1,000	557,200	132,000
1,000	1,000	557,300	154,000
1,000	1,000	557,400	144,000
1,000	1,000	557,500	119,000
1,000	1,000	557,600	133,000
1,000	1,000	557,700	119,000
1,000	1,000	557,800	139,000
1,000	1,000	557,900	128,000
1,000	1,000	558,000	139,000
1,000	1,000	558,100	128,000
1,000	1,000	558,200	134,000
1,000	1,000	558,300	127,000
1,000	1,000	558,400	130,000
1,000	1,000	558,500	135,000
1,000	1,000	558,600	127,000
1,000	1,000	558,700	148,000
1,000	1,000	558,800	137,000
1,000	1,000	558,900	147,000
1,000	1,000	559,000	150,000
1,000	1,000	559,100	131,000
1,000	1,000	559,200	141,000
1,000	1,000	559,300	136,000
1,000	1,000	559,400	137,000
1,000	1,000	559,500	153,000
1,000	1,000	559,600	149,000
1,000	1,000	559,700	141,000
1,000	1,000	559,800	122,000
1,000	1,000	559,900	158,000
1,000	1,000	560,000	144,000
1,000	1,000	560,100	153,000
1,000	1,000	560,200	147,000
1,000	1,000	560,300	163,000
1,000	1,000	560,400	140,000
1,000	1,000	560,500	146,000
1,000	1,000	560,600	143,000
1,000	1,000	560,700	134,000
1,000	1,000	560,800	157,000
1,000	1,000	560,900	133,000
1,000	1,000	561,000	119,000
1,000	1,000	561,100	128,000
1,000	1,000	561,200	124,000
1,000	1,000	561,300	143,000
1,000	1,000	561,400	155,000
1,000	1,000	561,500	122,000
1,000	1,000	561,600	137,000
1,000	1,000	561,700	121,000
1,000	1,000	561,800	131,000
1,000	1,000	561,900	101,000
1,000	1,000	562,000	151,000
1,000	1,000	562,100	140,000
1,000	1,000	562,200	122,000
1,000	1,000	562,300	130,000
1,000	1,000	562,400	136,000
1,000	1,000	562,500	133,000
1,000	1,000	562,600	142,000
1,000	1,000	562,700	121,000
1,000	1,000	562,800	111,000
1,000	1,000	562,900	134,000
1,000	1,000	563,000	141,000
1,000	1,000	563,100	147,000
1,000	1,000	563,200	127,000
1,000	1,000	563,300	147,000
1,000	1,000	563,400	126,000
1,000	1,000	563,500	153,000
1,000	1,000	563,600	144,000
1,000	1,000	563,700	116,000
1,000	1,000	563,800	107,000
1,000	1,000	563,900	125,000
1,000	1,000	564,000	142,000
1,000	1,000	564,100	114,000
1,000	1,000	564,200	128,000
1,000	1,000	564,300	134,000
1,000	1,000	564,400	134,000
1,000	1,000	564,500	141,000
1,000	1,000	564,600	142,000
1,000	1,000	564,700	127,000
1,000	1,000	564,800	127,000
1,000	1,000	564,900	148,000
1,000	1,000	565,000	133,000
1,000	1,000	565,100	161,000
1,000	1,000	565,200	123,000
1,000	1,000	565,300	121,000
1,000	1,000	565,400	130,000
1,000	1,000	565,500	142,000
1,000	1,000	565,600	137,000
1,000	1,000	565,700	130,000
1,000	1,000	565,800	129,000
1,000	1,000	565,900	122,000
1,000	1,000	566,000	137,000
1,000	1,000	566,100	116,000
1,000	1,000	566,200	111,000
1,000	1,000	566,300	128,000
1,000	1,000	566,400	130,000
1,000	1,000	566,500	147,000
1,000	1,000	566,600	133,000
1,000	1,000	566,700	124,000
1,000	1,000	566,800	115,000
1,000	1,000	566,900	132,000
1,000	1,000	567,000	125,000
1,000	1,000	567,100	131,000
1,000	1,000	567,200	139,000
1,000	1,000	567,300	140,000
1,000	1,000	567,400	144,000
1,000	1,000	567,500	132,000
1,000	1,000	567,600	112,000
1,000	1,000	567,700	134,000
1,000	1,000	567,800	136,000
1,000	1,000	567,900	133,000
1,000	1,000	568,000	121,000
1,000	1,000	568,100	130,000
1,000	1,000	568,200	121,000
1,000	1,000	568,300	108,000
1,000	1,000	568,400	137,000
1,000	1,000	568,500	124,000
1,000	1,000	568,600	150,000
1,000	1,000	568,700	120,000
1,000	1,000	568,800	134,000
1,000	1,000	568,900	134,000
1,000	1,000	569,000	139,000
1,000	1,000	569,100	125,000
1,000	1,000	569,200	134,000
1,000	1,000	569,300	125,000
1,000	1,000	569,400	126,000
1,000	1,000	569,500	134,000
1,000	1,000	569,600	121,000
1,000	1,000	569,700	111,000
1,000	1,000	569,800	121,000
1,000	1,000	569,900	127,000
1,000	1,000	570,000	132,000
1,000	1,000	570,100	116,000
1,000	1,000	570,200	113,000
1,000	1,000	570,300	137,000
1,000	1,000	570,400	142,000
1,000	1,000	570,500	130,000
1,000	1,000	570,600	118,000
1,000	1,000	570,700	117,000
1,000	1,000	570,800	129,000
1,000	1,000	570,900	129,000
1,000	1,000	571,000	118,000
1,000	1,000	571,100	127,000
1,000	1,000	571,200	124,000
1,000	1,000	571,300	131,000
1,000	1,000	571,400	110,000
1,000	1,000	571,500	130,000
1,000	1,000	571,600	132,000
1,000	1,000	571,700	135,000
1,000	1,000	571,800	120,000
1,000	1,000	571,900	151,000
1,000	1,000	572,000	116,000
1,000	1,000	572,100	123,000
1,000	1,000	572,200	138,000
1,000	1,000	572,300	147,000
1,000	1,000	572,400	135,000
1,000	1,000	572,500	128,000
1,000	1,000	572,600	127,000
1,000	1,000	572,700	137,000
1,000	1,000	572,800	134,000
1,000	1,000	572,900	116,000
1,000	1,000	573,000	120,000
1,000	1,000	573,100	118,000
1,000	1,000	573,200	132,000
1,000	1,000	573,300	135,000
1,000	1,000	573,400	147,000
1,000	1,000	573,500	126,000
1,000	1,000	573,600	127,000
1,000	1,000	573,700	118,000
1,000	1,000	573,800	121,000
1,000	1,000	573,900	132,000
1,000	1,000	574,000	142,000
1,000	1,000	574,100	137,000
1,000	1,000	574,200	116,000
1,000	1,000	574,300	137,000
1,000	1,000	574,400	127,000
1,000	1,000	574,500	131,000
1,000	1,000	574,600	137,000
1,000	1,000	574,700	125,000
1,000	1,000	574,800	133,000
1,000	1,000	574,900	124,000
1,000	1,000	575,000	128,000
1,000	1,000	575,100	132,000
1,000	1,000	575,200	134,000
1,000	1,000	575,300	125,000
1,000	1,000	575,400	120,000
1,000	1,000	575,500	113,000
1,000	1,000	575,600	132,000
1,000	1,000	575,700	133,000
1,000	1,000	575,800	135,000
1,000	1,000	575,900	121,000
1,000	1,000	576,000	143,000
1,000	1,000	576,100	141,000
1,000	1,000	576,200	120,000
1,000	1,000	576,300	117,000
1,000	1,000	576,400	125,000
1,000	1,000	576,500	125,000
1,000	1,000	576,600	124,000
1,000	1,000	576,700	119,000
1,000	1,000	576,800	94,000
1,000	1,000	576,900	117,000
1,000	1,000	577,000	124,000
1,000	1,000	577,100	150,000
1,000	1,000	577,200	155,000
1,000	1,000	577,300	121,000
1,000	1,000	577,400	128,000
1,000	1,000	577,500	127,000
1,000	1,000	577,600	154,000
1,000	1,000	577,700	120,000
1,000	1,000	577,800	143,000
1,000	1,000	577,900	139,000
1,000	1,000	578,000	135,000
1,000	1,000	578,100	118,000
1,000	1,000	578,200	122,000
1,000	1,000	578,300	133,000
1,000	1,000	578,400	123,000
1,000	1,000	578,500	134,000
1,000	1,000	578,600	125,000
1,000	1,000	578,700	134,000
1,000	1,000	578,800	161,000
1,000	1,000	578,900	130,000
1,000	1,000	579,000	141,000
1,000	1,000	579,100	151,000
1,000	1,000	579,200	133,000
1,000	1,000	579,300	119,000
1,000	1,000	579,400	133,000
1,000	1,000	579,500	134,000
1,000	1,000	579,600	134,000
1,000	1,000	579,700	137,000
1,000	1,000	579,800	145,000
1,000	1,000	579,900	132,000
1,000	1,000	580,000	144,000
2,000	1,000	535,100	949,000
2,000	1,000	535,200	277,000
2,000	1,000	535,300	120,000
2,000	1,000	535,400	76,000
2,000	1,000	535,500	77,000
2,000	1,000	535,600	68,000
2,000	1,000	535,700	63,000
2,000	1,000	535,800	60,000
2,000	1,000	535,900	60,000
2,000	1,000	536,000	47,000
2,000	1,000	536,100	48,000
2,000	1,000	536,200	49,000
2,000	1,000	536,300	54,000
2,000	1,000	536,400	51,000
2,000	1,000	536,500	57,000
2,000	1,000	536,600	57,000
2,000	1,000	536,700	47,000
2,000	1,000	536,800	53,000
2,000	1,000	536,900	40,000
2,000	1,000	537,000	47,000
2,000	1,000	537,100	50,000
2,000	1,000	537,200	60,000
2,000	1,000	537,300	53,000
2,000	1,000	537,400	50,000
2,000	1,000	537,500	47,000
2,000	1,000	537,600	56,000
2,000	1,000	537,700	38,000
2,000	1,000	537,800	48,000
2,000	1,000	537,900	49,000
2,000	1,000	538,000	50,000
2,000	1,000	538,100	57,000
2,000	1,000	538,200	58,000
2,000	1,000	538,300	45,000
2,000	1,000	538,400	56,000
2,000	1,000	538,500	51,000
2,000	1,000	538,600	49,000
2,000	1,000	538,700	54,000
2,000	1,000	538,800	54,000
2,000	1,000	538,900	43,000
2,000	1,000	539,000	52,000
2,000	1,000	539,100	62,000
2,000	1,000	539,200	49,000
2,000	1,000	539,300	64,000
2,000	1,000	539,400	59,000
2,000	1,000	539,500	58,000
2,000	1,000	539,600	47,000
2,000	1,000	539,700	65,000
2,000	1,000	539,800	62,000
2,000	1,000	539,900	73,000
2,000	1,000	540,000	84,000
2,000	1,000	540,100	83,000
2,000	1,000	540,200	70,000
2,000	1,000	540,300	63,000
2,000	1,000	540,400	82,000
2,000	1,000	540,500	91,000
2,000	1,000	540,600	93,000
2,000	1,000	540,700	79,000
2,000	1,000	540,800	81,000
2,000	1,000	540,900	100,000
2,000	1,000	541,000	84,000
2,000	1,000	541,100	121,000
2,000	1,000	541,200	109,000
2,000	1,000	541,300	111,000
2,000	1,000	541,400	117,000
2,000	1,000	541,500	113,000
2,000	1,000	541,600	99,000
2,000	1,000	541,700	134,000
2,000	1,000	541,800	121,000
2,000	1,000	541,900	126,000
2,000	1,000	542,000	111,000
2,000	1,000	542,100	126,000
2,000	1,000	542,200	125,000
2,000	1,000	542,300	127,000
2,000	1,000	542,400	130,000
2,000	1,000	542,500	139,000
2,000	1,000	542,600	149,000
2,000	1,000	542,700	133,000
2,000	1,000	542,800	135,000
2,000	1,000	542,900	158,000
2,000	1,000	543,000	133,000
2,000	1,000	543,100	125,000
2,000	1,000	543,200	149,000
2,000	1,000	543,300	135,000
2,000	1,000	543,400	135,000
2,000	1,000	543,500	145,000
2,000	1,000	543,600	132,000
2,000	1,000	543,700	139,000
2,000	1,000	543,800	151,000
2,000	1,000	543,900	157,000
2,000	1,000	544,000	139,000
2,000	1,000	544,100	148,000
2,000	1,000	544,200	156,000
2,000	1,000	544,300	161,000
2,000	1,000	544,400	156,000
2,000	1,000	544,500	178,000
2,000	1,000	544,600	148,000
2,000	1,000	544,700	145,000
2,000	1,000	544,800	166,000
2,000	1,000	544,900	142,000
2,000	1,000	545,000	152,000
2,000	1,000	545,100	144,000
2,000	1,000	545,200	158,000
2,000	1,000	545,300	130,000
2,000	1,000	545,400	176,000
2,000	1,000	545,500	155,000
2,000	1,000	545,600	149,000
2,000	1,000	545,700	165,000
2,000	1,000	545,800	144,000
2,000	1,000	545,900	147,000
2,000	1,000	546,000	151,000
2,000	1,000	546,100	156,000
2,000	1,000	546,200	151,000
2,000	1,000	546,300	161,000
2,000	1,000	546,400	152,000
2,000	1,000	546,500	148,000
2,000	1,000	546,600	169,000
2,000	1,000	546,700	180,000
2,000	1,000	546,800	134,000
2,000	1,000	546,900	172,000
2,000	1,000	547,000	161,000
2,000	1,000	547,100	150,000
2,000	1,000	547,200	173,000
2,000	1,000	547,300	167,000
2,000	1,000	547,400	141,000
2,000	1,000	547,500	154,000
2,000	1,000	547,600	152,000
2,000	1,000	547,700	145,000
2,000	1,000	547,800	147,000
2,000	1,000	547,900	129,000
2,000	1,000	548,000	112,000
2,000	1,000	548,100	144,000
2,000	1,000	548,200	120,000
2,000	1,000	548,300	141,000
2,000	1,000	548,400	125,000
2,000	1,000	548,500	124,000
2,000	1,000	548,600	141,000
2,000	1,000	548,700	122,000
2,000	1,000	548,800	128,000
2,000	1,000	548,900	117,000
2,000	1,000	549,000	121,000
2,000	1,000	549,100	121,000
2,000	1,000	549,200	140,000
2,000	1,000	549,300	122,000
2,000	1,000	549,400	136,000
2,000	1,000	549,500	111,000
2,000	1,000	549,600	141,000
2,000	1,000	549,700	126,000
2,000	1,000	549,800	112,000
2,000	1,000	549,900	112,000
2,000	1,000	550,000	120,000
2,000	1,000	550,100	124,000
2,000	1,000	550,200	148,000
2,000	1,000	550,300	132,000
2,000	1,000	550,400	112,000
2,000	1,000	550,500	129,000
2,000	1,000	550,600	130,000
2,000	1,000	550,700	151,000
2,000	1,000	550,800	123,000
2,000	1,000	550,900	147,000
2,000	1,000	551,000	117,000
2,000	1,000	551,100	147,000
2,000	1,000	551,200	139,000
2,000	1,000	551,300	124,000
2,000	1,000	551,400	125,000
2,000	1,000	551,500	113,000
2,000	1,000	551,600	141,000
2,000	1,000	551,700	137,000
2,000	1,000	551,800	144,000
2,000	1,000	551,900	132,000
2,000	1,000	552,000	123,000
2,000	1,000	552,100	118,000
2,000	1,000	552,200	116,000
2,000	1,000	552,300	117,000
2,000	1,000	552,400	133,000
2,000	1,000	552,500	125,000
2,000	1,000	552,600	117,000
2,000	1,000	552,700	119,000
2,000	1,000	552,800	128,000
2,000	1,000	552,900	122,000
2,000	1,000	553,000	122,000
2,000	1,000	553,100	145,000
2,000	1,000	553,200	111,000
2,000	1,000	553,300	116,000
2,000	1,000	553,400	137,000
2,000	1,000	553,500	113,000
2,000	1,000	553,600	138,000
2,000	1,000	553,700	152,000
2,000	1,000	553,800	112,000
2,000	1,000	553,900	130,000
2,000	1,000	554,000	137,000
2,000	1,000	554,100	137,000
2,000	1,000	554,200	132,000
2,000	1,000	554,300	120,000
2,000	1,000	554,400	126,000
2,000	1,000	554,500	118,000
2,000	1,000	554,600	130,000
2,000	1,000	554,700	120,000
2,000	1,000	554,800	145,000
2,000	1,000	554,900	124,000
2,000	1,000	555,000	122,000
2,000	1,000	555,100	129,000
2,000	1,000	555,200	127,000
2,000	1,000	555,300	124,000
2,000	1,000	555,400	144,000
2,000	1,000	555,500	136,000
2,000	1,000	555,600	135,000
2,000	1,000	555,700	147,000
2,000	1,000	555,800	127,000
2,000	1,000	555,900	142,000
2,000	1,000	556,000	139,000
2,000	1,000	556,100	127,000
2,000	1,000	556,200	130,000
2,000	1,000	556,300	126,000
2,000	1,000	556,400	125,000
2,000	1,000	556,500	132,000
2,000	1,000	556,600	131,000
2,000	1,000	556,700	152,000
2,000	1,000	556,800	116,000
2,000	1,000	556,900	154,000
2,000	1,000	557,000	128,000
2,000	1,000	557,100	111,000
2,000	1,000	557,200	135,000
2,000	1,000	557,300	133,000
2,000	1,000	557,400	144,000
2,000	1,000	557,500	137,000
2,000	1,000	557,600	140,000
2,000	1,000	557,700	126,000
2,000	1,000	557,800	121,000
2,000	1,000	557,900	131,000
2,000	1,000	558,000	144,000
2,000	1,000	558,100	123,000
2,000	1,000	558,200	144,000
2,000	1,000	558,300	122,000
2,000	1,000	558,400	140,000
2,000	1,000	558,500	120,000
2,000	1,000	558,600	130,000
2,000	1,000	558,700	150,000
2,000	1,000	558,800	143,000
2,000	1,000	558,900	126,000
2,000	1,000	559,000	136,000
2,000	1,000	559,100	144,000
2,000	1,000	559,200	119,000
2,000	1,000	559,300	130,000
2,000	1,000	559,400	149,000
2,000	1,000	559,500	170,000
2,000	1,000	559,600	139,000
2,000	1,000	559,700	141,000
2,000	1,000	559,800	170,000
2,000	1,000	559,900	140,000
2,000	1,000	560,000	140,000
2,000	1,000	560,100	130,000
2,000	1,000	560,200	154,000
2,000	1,000	560,300	153,000
2,000	1,000	560,400	151,000
2,000	1,000	560,500	149,000
2,000	1,000	560,600	128,000
2,000	1,000	560,700	134,000
2,000	1,000	560,800	126,000
2,000	1,000	560,900	128,000
2,000	1,000	561,000	175,000
2,000	1,000	561,100	128,000
2,000	1,000	561,200	114,000
2,000	1,000	561,300	161,000
2,000	1,000	561,400	156,000
2,000	1,000	561,500	148,000
2,000	1,000	561,600	120,000
2,000	1,000	561,700	128,000
2,000	1,000	561,800	140,000
2,000	1,000	561,900	136,000
2,000	1,000	562,000	144,000
2,000	1,000	562,100	103,000
2,000	1,000	562,200	125,000
2,000	1,000	562,300	144,000
2,000	1,000	562,400	133,000
2,000	1,000	562,500	129,000
2,000	1,000	562,600	153,000
2,000	1,000	562,700	130,000
2,000	1,000	562,800	142,000
2,000	1,000	562,900	130,000
2,000	1,000	563,000	150,000
2,000	1,000	563,100	125,000
2,000	1,000	563,200	129,000
2,000	1,000	563,300	153,000
2,000	1,000	563,400	131,000
2,000	1,000	563,500	140,000
2,000	1,000	563,600	131,000
2,000	1,000	563,700	127,000
2,000	1,000	563,800	122,000
2,000	1,000	563,900	129,000
2,000	1,000	564,000	131,000
2,000	1,000	564,100	126,000
2,000	1,000	564,200	121,000
2,000	1,000	564,300	134,000
2,000	1,000	564,400	131,000
2,000	1,000	564,500	115,000
2,000	1,000	564,600	121,000
2,000	1,000	564,700	152,000
2,000	1,000	564,800	121,000
2,000	1,000	564,900	124,000
2,000	1,000	565,000	124,000
2,000	1,000	565,100	120,000
2,000	1,000	565,200	128,000
2,000	1,000	565,300	119,000
2,000	1,000	565,400	145,000
2,000	1,000	565,500	148,000
2,000	1,000	565,600	130,000
2,000	1,000	565,700	132,000
2,000	1,000	565,800	141,000
2,000	1,000	565,900	126,000
2,000	1,000	566,000	129,000
2,000	1,000	566,100	149,000
2,000	1,000	566,200	124,000
2,000	1,000	566,300	111,000
2,000	1,000	566,400	132,000
2,000	1,000	566,500	124,000
2,000	1,000	566,600	113,000
2,000	1,000	566,700	131,000
2,000	1,000	566,800	141,000
2,000	1,000	566,900	131,000
2,000	1,000	567,000	140,000
2,000	1,000	567,100	139,000
2,000	1,000	567,200	134,000
2,000	1,000	567,300	123,000
2,000	1,000	567,400	120,000
2,000	1,000	567,500	147,000
2,000	1,000	567,600	140,000
2,000	1,000	567,700	112,000
2,000	1,000	567,800	147,000
2,000	1,000	567,900	110,000
2,000	1,000	568,000	134,000
2,000	1,000	568,100	125,000
2,000	1,000	568,200	142,000
2,000	1,000	568,300	114,000
2,000	1,000	568,400	140,000
2,000	1,000	568,500	124,000
2,000	1,000	568,600	147,000
2,000	1,000	568,700	159,000
2,000	1,000	568,800	124,000
2,000	1,000	568,900	129,000
2,000	1,000	569,000	145,000
2,000	1,000	569,100	127,000
2,000	1,000	569,200	113,000
2,000	1,000	569,300	144,000
2,000	1,000	569,400	116,000
2,000	1,000	569,500	132,000
2,000	1,000	569,600	134,000
2,000	1,000	569,700	124,000
2,000	1,000	569,800	129,000
2,000	1,000	569,900	134,000
2,000	1,000	570,000	127,000
2,000	1,000	570,100	115,000
2,000	1,000	570,200	141,000
2,000	1,000	570,300	133,000
2,000	1,000	570,400	111,000
2,000	1,000	570,500	119,000
2,000	1,000	570,600	142,000
2,000	1,000	570,700	102,000
2,000	1,000	570,800	115,000
2,000	1,000	570,900	143,000
2,000	1,000	571,000	137,000
2,000	1,000	571,100	124,000
2,000	1,000	571,200	138,000
2,000	1,000	571,300	121,000
2,000	1,000	571,400	128,000
2,000	1,000	571,500	159,000
2,000	1,000	571,600	139,000
2,000	1,000	571,700	96,000
2,000	1,000	571,800	121,000
2,000	1,000	571,900	135,000
2,000	1,000	572,000	143,000
2,000	1,000	572,100	123,000
2,000	1,000	572,200	142,000
2,000	1,000	572,300	129,000
2,000	1,000	572,400	104,000
2,000	1,000	572,500	100,000
2,000	1,000	572,600	142,000
2,000	1,000	572,700	128,000
2,000	1,000	572,800	121,000
2,000	1,000	572,900	140,000
2,000	1,000	573,000	125,000
2,000	1,000	573,100	121,000
2,000	1,000	573,200	155,000
2,000	1,000	573,300	154,000
2,000	1,000	573,400	126,000
2,000	1,000	573,500	138,000
2,000	1,000	573,600	121,000
2,000	1,000	573,700	144,000
2,000	1,000	573,800	126,000
2,000	1,000	573,900	136,000
2,000	1,000	574,000	130,000
2,000	1,000	574,100	144,000
2,000	1,000	574,200	125,000
2,000	1,000	574,300	123,000
2,000	1,000	574,400	126,000
2,000	1,000	574,500	121,000
2,000	1,000	574,600	131,000
2,000	1,000	574,700	126,000
2,000	1,000	574,800	105,000
2,000	1,000	574,900	124,000
2,000	1,000	575,000	121,000
2,000	1,000	575,100	129,000
2,000	1,000	575,200	123,000
2,000	1,000	575,300	140,000
2,000	1,000	575,400	120,000
2,000	1,000	575,500	145,000
2,000	1,000	575,600	131,000
2,000	1,000	575,700	112,000
2,000	1,000	575,800	126,000
2,000	1,000	575,900	121,000
2,000	1,000	576,000	155,000
2,000	1,000	576,100	132,000
2,000	1,000	576,200	128,000
2,000	1,000	576,300	142,000
2,000	1,000	576,400	132,000
2,000	1,000	576,500	142,000
2,000	1,000	576,600	131,000
2,000	1,000	576,700	122,000
2,000	1,000	576,800	128,000
2,000	1,000	576,900	144,000
2,000	1,000	577,000	123,000
2,000	1,000	577,100	122,000
2,000	1,000	577,200	107,000
2,000	1,000	577,300	139,000
2,000	1,000	577,400	130,000
2,000	1,000	577,500	139,000
2,000	1,000	577,600	134,000
2,000	1,000	577,700	141,000
2,000	1,000	577,800	126,000
2,000	1,000	577,900	121,000
2,000	1,000	578,000	149,000
2,000	1,000	578,100	143,000
2,000	1,000	578,200	135,000
2,000	1,000	578,300	116,000
2,000	1,000	578,400	137,000
2,000	1,000	578,500	126,000
2,000	1,000	578,600	128,000
2,000	1,000	578,700	144,000
2,000	1,000	578,800	120,000
2,000	1,000	578,900	121,000
2,000	1,000	579,000	133,000
2,000	1,000	579,100	137,000
2,000	1,000	579,200	133,000
2,000	1,000	579,300	151,000
2,000	1,000	579,400	133,000
2,000	1,000	579,500	133,000
2,000	1,000	579,600	128,000
2,000	1,000	579,700	137,000
2,000	1,000	579,800	125,000
2,000	1,000	579,900	124,000
2,000	1,000	580,000	113,000
3,000	1,000	535,100	1059,000
3,000	1,000	535,200	278,000
3,000	1,000	535,300	135,000
3,000	1,000	535,400	76,000
3,000	1,000	535,500	78,000
3,000	1,000	535,600	62,000
3,000	1,000	535,700	53,000
3,000	1,000	535,800	52,000
3,000	1,000	535,900	68,000
3,000	1,000	536,000	51,000
3,000	1,000	536,100	45,000
3,000	1,000	536,200	67,000
3,000	1,000	536,300	55,000
3,000	1,000	536,400	53,000
3,000	1,000	536,500	47,000
3,000	1,000	536,600	44,000
3,000	1,000	536,700	52,000
3,000	1,000	536,800	60,000
3,000	1,000	536,900	59,000
3,000	1,000	537,000	52,000
3,000	1,000	537,100	61,000
3,000	1,000	537,200	45,000
3,000	1,000	537,300	59,000
3,000	1,000	537,400	42,000
3,000	1,000	537,500	55,000
3,000	1,000	537,600	53,000
3,000	1,000	537,700	58,000
3,000	1,000	537,800	41,000
3,000	1,000	537,900	54,000
3,000	1,000	538,000	46,000
3,000	1,000	538,100	62,000
3,000	1,000	538,200	46,000
3,000	1,000	538,300	54,000
3,000	1,000	538,400	67,000
3,000	1,000	538,500	52,000
3,000	1,000	538,600	46,000
3,000	1,000	538,700	49,000
3,000	1,000	538,800	61,000
3,000	1,000	538,900	52,000
3,000	1,000	539,000	59,000
3,000	1,000	539,100	59,000
3,000	1,000	539,200	62,000
3,000	1,000	539,300	68,000
3,000	1,000	539,400	66,000
3,000	1,000	539,500	58,000
3,000	1,000	539,600	72,000
3,000	1,000	539,700	62,000
3,000	1,000	539,800	55,000
3,000	1,000	539,900	73,000
3,000	1,000	540,000	59,000
3,000	1,000	540,100	69,000
3,000	1,000	540,200	89,000
3,000	1,000	540,300	73,000
3,000	1,000	540,400	91,000
3,000	1,000	540,500	87,000
3,000	1,000	540,600	106,000
3,000	1,000	540,700	94,000
3,000	1,000	540,800	100,000
3,000	1,000	540,900	88,000
3,000	1,000	541,000	105,000
3,000	1,000	541,100	101,000
3,000	1,000	541,200	102,000
3,000	1,000	541,300	122,000
3,000	1,000	541,400	95,000
3,000	1,000	541,500	91,000
3,000	1,000	541,600	122,000
3,000	1,000	541,700	122,000
3,000	1,000	541,800	112,000
3,000	1,000	541,900	112,000
3,000	1,000	542,000	106,000
3,000	1,000	542,100	114,000
3,000	1,000	542,200	139,000
3,000	1,000	542,300	142,000
3,000	1,000	542,400	109,000
3,000	1,000	542,500	151,000
3,000	1,000	542,600	142,000
3,000	1,000	542,700	137,000
3,000	1,000	542,800	131,000
3,000	1,000	542,900	144,000
3,000	1,000	543,000	143,000
3,000	1,000	543,100	139,000
3,000	1,000	543,200	141,000
3,000	1,000	543,300	123,000
3,000	1,000	543,400	152,000
3,000	1,000	543,500	133,000
3,000	1,000	543,600	138,000
3,000	1,000	543,700	160,000
3,000	1,000	543,800	136,000
3,000	1,000	543,900	140,000
3,000	1,000	544,000	145,000
3,000	1,000	544,100	133,000
3,000	1,000	544,200	152,000
3,000	1,000	544,300	136,000
3,000	1,000	544,400	164,000
3,000	1,000	544,500	152,000
3,000	1,000	544,600	132,000
3,000	1,000	544,700	155,000
3,000	1,000	544,800	138,000
3,000	1,000	544,900	155,000
3,000	1,000	545,000	164,000
3,000	1,000	545,100	142,000
3,000	1,000	545,200	136,000
3,000	1,000	545,300	144,000
3,000	1,000	545,400	136,000
3,000	1,000	545,500	160,000
3,000	1,000	545,600	140,000
3,000	1,000	545,700	137,000
3,000	1,000	545,800	156,000
3,000	1,000	545,900	182,000
3,000	1,000	546,000	152,000
3,000	1,000	546,100	139,000
3,000	1,000	546,200	172,000
3,000	1,000	546,300	158,000
3,000	1,000	546,400	134,000
3,000	1,000	546,500	143,000
3,000	1,000	546,600	160,000
3,000	1,000	546,700	143,000
3,000	1,000	546,800	143,000
3,000	1,000	546,900	145,000
3,000	1,000	547,000	139,000
3,000	1,000	547,100	145,000
3,000	1,000	547,200	154,000
3,000	1,000	547,300	139,000
3,000	1,000	547,400	156,000
3,000	1,000	547,500	146,000
3,000	1,000	547,600	143,000
3,000	1,000	547,700	135,000
3,000	1,000	547,800	130,000
3,000	1,000	547,900	142,000
3,000	1,000	548,000	133,000
3,000	1,000	548,100	158,000
3,000	1,000	548,200	127,000
3,000	1,000	548,300	157,000
3,000	1,000	548,400	123,000
3,000	1,000	548,500	128,000
3,000	1,000	548,600	135,000
3,000	1,000	548,700	139,000
3,000	1,000	548,800	140,000
3,000	1,000	548,900	133,000
3,000	1,000	549,000	135,000
3,000	1,000	549,100	142,000
3,000	1,000	549,200	140,000
3,000	1,000	549,300	128,000
3,000	1,000	549,400	139,000
3,000	1,000	549,500	130,000
3,000	1,000	549,600	132,000
3,000	1,000	549,700	120,000
3,000	1,000	549,800	127,000
3,000	1,000	549,900	134,000
3,000	1,000	550,000	136,000
3,000	1,000	550,100	129,000
3,000	1,000	550,200	117,000
3,000	1,000	550,300	127,000
3,000	1,000	550,400	114,000
3,000	1,000	550,500	107,000
3,000	1,000	550,600	142,000
3,000	1,000	550,700	122,000
3,000	1,000	550,800	112,000
3,000	1,000	550,900	141,000
3,000	1,000	551,000	126,000
3,000	1,000	551,100	112,000
3,000	1,000	551,200	124,000
3,000	1,000	551,300	124,000
3,000	1,000	551,400	127,000
3,000	1,000	551,500	127,000
3,000	1,000	551,600	118,000
3,000	1,000	551,700	142,000
3,000	1,000	551,800	127,000
3,000	1,000	551,900	125,000
3,000	1,000	552,000	128,000
3,000	1,000	552,100	129,000
3,000	1,000	552,200	120,000
3,000	1,000	552,300	133,000
3,000	1,000	552,400	119,000
3,000	1,000	552,500	122,000
3,000	1,000	552,600	131,000
3,000	1,000	552,700	124,000
3,000	1,000	552,800	123,000
3,000	1,000	552,900	122,000
3,000	1,000	553,000	135,000
3,000	1,000	553,100	131,000
3,000	1,000	553,200	139,000
3,000	1,000	553,300	127,000
3,000	1,000	553,400	123,000
3,000	1,000	553,500	124,000
3,000	1,000	553,600	133,000
3,000	1,000	553,700	118,000
3,000	1,000	553,800	123,000
3,000	1,000	553,900	115,000
3,000	1,000	554,000	147,000
3,000	1,000	554,100	131,000
3,000	1,000	554,200	125,000
3,000	1,000	554,300	124,000
3,000	1,000	554,400	126,000
3,000	1,000	554,500	134,000
3,000	1,000	554,600	139,000
3,000	1,000	554,700	118,000
3,000	1,000	554,800	147,000
3,000	1,000	554,900	141,000
3,000	1,000	555,000	122,000
3,000	1,000	555,100	116,000
3,000	1,000	555,200	142,000
3,000	1,000	555,300	141,000
3,000	1,000	555,400	130,000
3,000	1,000	555,500	135,000
3,000	1,000	555,600	120,000
3,000	1,000	555,700	135,000
3,000	1,000	555,800	128,000
3,000	1,000	555,900	130,000
3,000	1,000	556,000	117,000
3,000	1,000	556,100	146,000
3,000	1,000	556,200	140,000
3,000	1,000	556,300	120,000
3,000	1,000	556,400	140,000
3,000	1,000	556,500	120,000
3,000	1,000	556,600	126,000
3,000	1,000	556,700	132,000
3,000	1,000	556,800	123,000
3,000	1,000	556,900	146,000
3,000	1,000	557,000	133,000
3,000	1,000	557,100	131,000
3,000	1,000	557,200	132,000
3,000	1,000	557,300	128,000
3,000	1,000	557,400	135,000
3,000	1,000	557,500	105,000
3,000	1,000	557,600	124,000
3,000	1,000	557,700	142,000
3,000	1,000	557,800	125,000
3,000	1,000	557,900	119,000
3,000	1,000	558,000	130,000
3,000	1,000	558,100	147,000
3,000	1,000	558,200	136,000
3,000	1,000	558,300	130,000
3,000	1,000	558,400	114,000
3,000	1,000	558,500	130,000
3,000	1,000	558,600	167,000
3,000	1,000	558,700	140,000
3,000	1,000	558,800	132,000
3,000	1,000	558,900	130,000
3,000	1,000	559,000	136,000
3,000	1,000	559,100	137,000
3,000	1,000	559,200	115,000
3,000	1,000	559,300	141,000
3,000	1,000	559,400	125,000
3,000	1,000	559,500	122,000
3,000	1,000	559,600	139,000
3,000	1,000	559,700	146,000
3,000	1,000	559,800	146,000
3,000	1,000	559,900	153,000
3,000	1,000	560,000	138,000
3,000	1,000	560,100	107,000
3,000	1,000	560,200	138,000
3,000	1,000	560,300	130,000
3,000	1,000	560,400	129,000
3,000	1,000	560,500	123,000
3,000	1,000	560,600	133,000
3,000	1,000	560,700	143,000
3,000	1,000	560,800	123,000
3,000	1,000	560,900	132,000
3,000	1,000	561,000	161,000
3,000	1,000	561,100	141,000
3,000	1,000	561,200	140,000
3,000	1,000	561,300	132,000
3,000	1,000	561,400	141,000
3,000	1,000	561,500	137,000
3,000	1,000	561,600	130,000
3,000	1,000	561,700	133,000
3,000	1,000	561,800	135,000
3,000	1,000	561,900	139,000
3,000	1,000	562,000	129,000
3,000	1,000	562,100	169,000
3,000	1,000	562,200	128,000
3,000	1,000	562,300	140,000
3,000	1,000	562,400	145,000
3,000	1,000	562,500	120,000
3,000	1,000	562,600	162,000
3,000	1,000	562,700	115,000
3,000	1,000	562,800	119,000
3,000	1,000	562,900	116,000
3,000	1,000	563,000	118,000
3,000	1,000	563,100	145,000
3,000	1,000	563,200	142,000
3,000	1,000	563,300	124,000
3,000	1,000	563,400	150,000
3,000	1,000	563,500	128,000
3,000	1,000	563,600	130,000
3,000	1,000	563,700	132,000
3,000	1,000	563,800	130,000
3,000	1,000	563,900	125,000
3,000	1,000	564,000	135,000
3,000	1,000	564,100	128,000
3,000	1,000	564,200	146,000
3,000	1,000	564,300	99,000
3,000	1,000	564,400	133,000
3,000	1,000	564,500	146,000
3,000	1,000	564,600	156,000
3,000	1,000	564,700	103,000
3,000	1,000	564,800	138,000
3,000	1,000	564,900	136,000
3,000	1,000	565,000	124,000
3,000	1,000	565,100	139,000
3,000	1,000	565,200	117,000
3,000	1,000	565,300	118,000
3,000	1,000	565,400	124,000
3,000	1,000	565,500	118,000
3,000	1,000	565,600	140,000
3,000	1,000	565,700	122,000
3,000	1,000	565,800	126,000
3,000	1,000	565,900	114,000
3,000	1,000	566,000	115,000
3,000	1,000	566,100	100,000
3,000	1,000	566,200	122,000
3,000	1,000	566,300	133,000
3,000	1,000	566,400	123,000
3,000	1,000	566,500	118,000
3,000	1,000	566,600	131,000
3,000	1,000	566,700	119,000
3,000	1,000	566,800	124,000
3,000	1,000	566,900	140,000
3,000	1,000	567,000	107,000
3,000	1,000	567,100	116,000
3,000	1,000	567,200	121,000
3,000	1,000	567,300	123,000
3,000	1,000	567,400	126,000
3,000	1,000	567,500	147,000
3,000	1,000	567,600	115,000
3,000	1,000	567,700	138,000
3,000	1,000	567,800	128,000
3,000	1,000	567,900	123,000
3,000	1,000	568,000	134,000
3,000	1,000	568,100	124,000
3,000	1,000	568,200	125,000
3,000	1,000	568,300	135,000
3,000	1,000	568,400	125,000
3,000	1,000	568,500	108,000
3,000	1,000	568,600	134,000
3,000	1,000	568,700	137,000
3,000	1,000	568,800	112,000
3,000	1,000	568,900	120,000
3,000	1,000	569,000	108,000
3,000	1,000	569,100	109,000
3,000	1,000	569,200	130,000
3,000	1,000	569,300	122,000
3,000	1,000	569,400	120,000
3,000	1,000	569,500	114,000
3,000	1,000	569,600	117,000
3,000	1,000	569,700	136,000
3,000	1,000	569,800	128,000
3,000	1,000	569,900	113,000
3,000	1,000	570,000	122,000
3,000	1,000	570,100	111,000
3,000	1,000	570,200	120,000
3,000	1,000	570,300	127,000
3,000	1,000	570,400	134,000
3,000	1,000	570,500	119,000
3,000	1,000	570,600	138,000
3,000	1,000	570,700	120,000
3,000	1,000	570,800	110,000
3,000	1,000	570,900	112,000
3,000	1,000	571,000	109,000
3,000	1,000	571,100	147,000
3,000	1,000	571,200	118,000
3,000	1,000	571,300	121,000
3,000	1,000	571,400	124,000
3,000	1,000	571,500	123,000
3,000	1,000	571,600	145,000
3,000	1,000	571,700	119,000
3,000	1,000	571,800	134,000
3,000	1,000	571,900	109,000
3,000	1,000	572,000	125,000
3,000	1,000	572,100	117,000
3,000	1,000	572,200	126,000
3,000	1,000	572,300	113,000
3,000	1,000	572,400	135,000
3,000	1,000	572,500	114,000
3,000	1,000	572,600	149,000
3,000	1,000	572,700	130,000
3,000	1,000	572,800	133,000
3,000	1,000	572,900	121,000
3,000	1,000	573,000	136,000
3,000	1,000	573,100	131,000
3,000	1,000	573,200	143,000
3,000	1,000	573,300	114,000
3,000	1,000	573,400	131,000
3,000	1,000	573,500	114,000
3,000	1,000	573,600	118,000
3,000	1,000	573,700	122,000
3,000	1,000	573,800	131,000
3,000	1,000	573,900	140,000
3,000	1,000	574,000	142,000
3,000	1,000	574,100	134,000
3,000	1,000	574,200	144,000
3,000	1,000	574,300	126,000
3,000	1,000	574,400	116,000
3,000	1,000	574,500	124,000
3,000	1,000	574,600	134,000
3,000	1,000	574,700	147,000
3,000	1,000	574,800	143,000
3,000	1,000	574,900	132,000
3,000	1,000	575,000	128,000
3,000	1,000	575,100	143,000
3,000	1,000	575,200	121,000
3,000	1,000	575,300	141,000
3,000	1,000	575,400	132,000
3,000	1,000	575,500	121,000
3,000	1,000	575,600	127,000
3,000	1,000	575,700	144,000
3,000	1,000	575,800	124,000
3,000	1,000	575,900	124,000
3,000	1,000	576,000	101,000
3,000	1,000	576,100	116,000
3,000	1,000	576,200	126,000
3,000	1,000	576,300	118,000
3,000	1,000	576,400	123,000
3,000	1,000	576,500	112,000
3,000	1,000	576,600	150,000
3,000	1,000	576,700	122,000
3,000	1,000	576,800	125,000
3,000	1,000	576,900	110,000
3,000	1,000	577,000	104,000
3,000	1,000	577,100	142,000
3,000	1,000	577,200	123,000
3,000	1,000	577,300	134,000
3,000	1,000	577,400	122,000
3,000	1,000	577,500	145,000
3,000	1,000	577,600	129,000
3,000	1,000	577,700	132,000
3,000	1,000	577,800	117,000
3,000	1,000	577,900	139,000
3,000	1,000	578,000	149,000
3,000	1,000	578,100	126,000
3,000	1,000	578,200	133,000
3,000	1,000	578,300	126,000
3,000	1,000	578,400	128,000
3,000	1,000	578,500	139,000
3,000	1,000	578,600	123,000
3,000	1,000	578,700	143,000
3,000	1,000	578,800	143,000
3,000	1,000	578,900	133,000
3,000	1,000	579,000	130,000
3,000	1,000	579,100	121,000
3,000	1,000	579,200	124,000
3,000	1,000	579,300	133,000
3,000	1,000	579,400	132,000
3,000	1,000	579,500	121,000
3,000	1,000	579,600	147,000
3,000	1,000	579,700	122,000
3,000	1,000	579,800	138,000
3,000	1,000	579,900	156,000
3,000	1,000	580,000	133,000
4,000	1,000	535,100	954,000
4,000	1,000	535,200	286,000
4,000	1,000	535,300	135,000
4,000	1,000	535,400	73,000
4,000	1,000	535,500	67,000
4,000	1,000	535,600	61,000
4,000	1,000	535,700	45,000
4,000	1,000	535,800	42,000
4,000	1,000	535,900	39,000
4,000	1,000	536,000	39,000
4,000	1,000	536,100	48,000
4,000	1,000	536,200	59,000
4,000	1,000	536,300	52,000
4,000	1,000	536,400	52,000
4,000	1,000	536,500	46,000
4,000	1,000	536,600	43,000
4,000	1,000	536,700	53,000
4,000	1,000	536,800	50,000
4,000	1,000	536,900	48,000
4,000	1,000	537,000	64,000
