1,000	1,000	535,100	1030,000
1,000	1,000	535,200	342,000
1,000	1,000	535,300	130,000
1,000	1,000	535,400	81,000
1,000	1,000	535,500	66,000
1,000	1,000	535,600	65,000
1,000	1,000	535,700	55,000
1,000	1,000	535,800	57,000
1,000	1,000	535,900	43,000
1,000	1,000	536,000	61,000
1,000	1,000	536,100	56,000
1,000	1,000	536,200	48,000
1,000	1,000	536,300	40,000
1,000	1,000	536,400	58,000
1,000	1,000	536,500	36,000
1,000	1,000	536,600	52,000
1,000	1,000	536,700	51,000
1,000	1,000	536,800	62,000
1,000	1,000	536,900	50,000
1,000	1,000	537,000	51,000
1,000	1,000	537,100	45,000
1,000	1,000	537,200	41,000
1,000	1,000	537,300	42,000
1,000	1,000	537,400	50,000
1,000	1,000	537,500	41,000
1,000	1,000	537,600	47,000
1,000	1,000	537,700	41,000
1,000	1,000	537,800	46,000
1,000	1,000	537,900	42,000
1,000	1,000	538,000	46,000
1,000	1,000	538,100	44,000
1,000	1,000	538,200	40,000
1,000	1,000	538,300	59,000
1,000	1,000	538,400	48,000
1,000	1,000	538,500	48,000
1,000	1,000	538,600	46,000
1,000	1,000	538,700	42,000
1,000	1,000	538,800	37,000
1,000	1,000	538,900	48,000
1,000	1,000	539,000	39,000
1,000	1,000	539,100	46,000
1,000	1,000	539,200	60,000
1,000	1,000	539,300	62,000
1,000	1,000	539,400	51,000
1,000	1,000	539,500	60,000
1,000	1,000	539,600	57,000
1,000	1,000	539,700	66,000
1,000	1,000	539,800	58,000
1,000	1,000	539,900	76,000
1,000	1,000	540,000	88,000
1,000	1,000	540,100	62,000
1,000	1,000	540,200	73,000
1,000	1,000	540,300	73,000
1,000	1,000	540,400	71,000
1,000	1,000	540,500	86,000
1,000	1,000	540,600	83,000
1,000	1,000	540,700	114,000
1,000	1,000	540,800	93,000
1,000	1,000	540,900	110,000
1,000	1,000	541,000	124,000
1,000	1,000	541,100	104,000
1,000	1,000	541,200	112,000
1,000	1,000	541,300	97,000
1,000	1,000	541,400	119,000
1,000	1,000	541,500	117,000
1,000	1,000	541,600	111,000
1,000	1,000	541,700	130,000
1,000	1,000	541,800	130,000
1,000	1,000	541,900	151,000
1,000	1,000	542,000	101,000
1,000	1,000	542,100	128,000
1,000	1,000	542,200	119,000
1,000	1,000	542,300	125,000
1,000	1,000	542,400	143,000
1,000	1,000	542,500	155,000
1,000	1,000	542,600	121,000
1,000	1,000	542,700	143,000
1,000	1,000	542,800	128,000
1,000	1,000	542,900	163,000
1,000	1,000	543,000	133,000
1,000	1,000	543,100	138,000
1,000	1,000	543,200	156,000
1,000	1,000	543,300	143,000
1,000	1,000	543,400	134,000
1,000	1,000	543,500	147,000
1,000	1,000	543,600	145,000
1,000	1,000	543,700	150,000
1,000	1,000	543,800	158,000
1,000	1,000	543,900	144,000
1,000	1,000	544,000	180,000
1,000	1,000	544,100	146,000
1,000	1,000	544,200	172,000
1,000	1,000	544,300	171,000
1,000	1,000	544,400	156,000
1,000	1,000	544,500	155,000
1,000	1,000	544,600	153,000
1,000	1,000	544,700	154,000
1,000	1,000	544,800	166,000
1,000	1,000	544,900	160,000
1,000	1,000	545,000	170,000
1,000	1,000	545,100	169,000
1,000	1,000	545,200	178,000
1,000	1,000	545,300	150,000
1,000	1,000	545,400	154,000
1,000	1,000	545,500	109,000
1,000	1,000	545,600	172,000
1,000	1,000	545,700	158,000
1,000	1,000	545,800	165,000
1,000	1,000	545,900	165,000
1,000	1,000	546,000	151,000
1,000	1,000	546,100	147,000
1,000	1,000	546,200	148,000
1,000	1,000	546,300	143,000
1,000	1,000	546,400	158,000
1,000	1,000	546,500	145,000
1,000	1,000	546,600	155,000
1,000	1,000	546,700	138,000
1,000	1,000	546,800	164,000
1,000	1,000	546,900	150,000
1,000	1,000	547,000	150,000
1,000	1,000	547,100	161,000
1,000	1,000	547,200	144,000
1,000	1,000	547,300	174,000
1,000	1,000	547,400	122,000
1,000	1,000	547,500	159,000
1,000	1,000	547,600	155,000
1,000	1,000	547,700	142,000
1,000	1,000	547,800	134,000
1,000	1,000	547,900	119,000
1,000	1,000	548,000	132,000
1,000	1,000	548,100	133,000
1,000	1,000	548,200	141,000
1,000	1,000	548,300	129,000
1,000	1,000	548,400	126,000
1,000	1,000	548,500	148,000
1,000	1,000	548,600	148,000
1,000	1,000	548,700	128,000
1,000	1,000	548,800	137,000
1,000	1,000	548,900	127,000
1,000	1,000	549,000	134,000
1,000	1,000	549,100	145,000
1,000	1,000	549,200	137,000
1,000	1,000	549,300	119,000
1,000	1,000	549,400	143,000
1,000	1,000	549,500	125,000
1,000	1,000	549,600	125,000
1,000	1,000	549,700	131,000
1,000	1,000	549,800	123,000
1,000	1,000	549,900	116,000
1,000	1,000	550,000	123,000
1,000	1,000	550,100	128,000
1,000	1,000	550,200	116,000
1,000	1,000	550,300	130,000
1,000	1,000	550,400	119,000
1,000	1,000	550,500	147,000
1,000	1,000	550,600	131,000
1,000	1,000	550,700	131,000
1,000	1,000	550,800	119,000
1,000	1,000	550,900	119,000
1,000	1,000	551,000	115,000
1,000	1,000	551,100	104,000
1,000	1,000	551,200	131,000
1,000	1,000	551,300	127,000
1,000	1,000	551,400	117,000
1,000	1,000	551,500	136,000
1,000	1,000	551,600	134,000
1,000	1,000	551,700	128,000
1,000	1,000	551,800	135,000
1,000	1,000	551,900	121,000
1,000	1,000	552,000	146,000
1,000	1,000	552,100	136,000
1,000	1,000	552,200	112,000
1,000	1,000	552,300	124,000
1,000	1,000	552,400	134,000
1,000	1,000	552,500	139,000
1,000	1,000	552,600	137,000
1,000	1,000	552,700	112,000
1,000	1,000	552,800	134,000
1,000	1,000	552,900	119,000
1,000	1,000	553,000	118,000
1,000	1,000	553,100	121,000
1,000	1,000	553,200	136,000
1,000	1,000	553,300	146,000
1,000	1,000	553,400	121,000
1,000	1,000	553,500	127,000
1,000	1,000	553,600	130,000
1,000	1,000	553,700	133,000
1,000	1,000	553,800	117,000
1,000	1,000	553,900	148,000
1,000	1,000	554,000	119,000
1,000	1,000	554,100	128,000
1,000	1,000	554,200	100,000
1,000	1,000	554,300	119,000
1,000	1,000	554,400	136,000
1,000	1,000	554,500	122,000
1,000	1,000	554,600	123,000
1,000	1,000	554,700	124,000
1,000	1,000	554,800	133,000
1,000	1,000	554,900	135,000
1,000	1,000	555,000	124,000
1,000	1,000	555,100	108,000
1,000	1,000	555,200	122,000
1,000	1,000	555,300	104,000
1,000	1,000	555,400	119,000
1,000	1,000	555,500	118,000
1,000	1,000	555,600	132,000
1,000	1,000	555,700	130,000
1,000	1,000	555,800	129,000
1,000	1,000	555,900	120,000
1,000	1,000	556,000	140,000
1,000	1,000	556,100	111,000
1,000	1,000	556,200	111,000
1,000	1,000	556,300	127,000
1,000	1,000	556,400	125,000
1,000	1,000	556,500	125,000
1,000	1,000	556,600	129,000
1,000	1,000	556,700	131,000
1,000	1,000	556,800	117,000
1,000	1,000	556,900	135,000
1,000	1,000	557,000	121,000
1,000	1,000	557,100	126,000
1,000	1,000	557,200	87,000
1,000	1,000	557,300	144,000
1,000	1,000	557,400	120,000
1,000	1,000	557,500	140,000
1,000	1,000	557,600	114,000
1,000	1,000	557,700	142,000
1,000	1,000	557,800	127,000
1,000	1,000	557,900	106,000
1,000	1,000	558,000	131,000
1,000	1,000	558,100	121,000
1,000	1,000	558,200	141,000
1,000	1,000	558,300	138,000
1,000	1,000	558,400	118,000
1,000	1,000	558,500	127,000
1,000	1,000	558,600	142,000
1,000	1,000	558,700	120,000
1,000	1,000	558,800	141,000
1,000	1,000	558,900	143,000
1,000	1,000	559,000	147,000
1,000	1,000	559,100	122,000
1,000	1,000	559,200	130,000
1,000	1,000	559,300	148,000
1,000	1,000	559,400	127,000
1,000	1,000	559,500	101,000
1,000	1,000	559,600	155,000
1,000	1,000	559,700	145,000
1,000	1,000	559,800	136,000
1,000	1,000	559,900	139,000
1,000	1,000	560,000	124,000
1,000	1,000	560,100	167,000
1,000	1,000	560,200	135,000
1,000	1,000	560,300	136,000
1,000	1,000	560,400	145,000
1,000	1,000	560,500	147,000
1,000	1,000	560,600	153,000
1,000	1,000	560,700	133,000
1,000	1,000	560,800	136,000
1,000	1,000	560,900	135,000
1,000	1,000	561,000	111,000
1,000	1,000	561,100	123,000
1,000	1,000	561,200	134,000
1,000	1,000	561,300	126,000
1,000	1,000	561,400	146,000
1,000	1,000	561,500	124,000
1,000	1,000	561,600	141,000
1,000	1,000	561,700	122,000
1,000	1,000	561,800	128,000
1,000	1,000	561,900	128,000
1,000	1,000	562,000	127,000
1,000	1,000	562,100	145,000
1,000	1,000	562,200	162,000
1,000	1,000	562,300	143,000
1,000	1,000	562,400	151,000
1,000	1,000	562,500	132,000
1,000	1,000	562,600	105,000
1,000	1,000	562,700	102,000
1,000	1,000	562,800	134,000
1,000	1,000	562,900	140,000
1,000	1,000	563,000	148,000
1,000	1,000	563,100	123,000
1,000	1,000	563,200	119,000
1,000	1,000	563,300	123,000
1,000	1,000	563,400	115,000
1,000	1,000	563,500	104,000
1,000	1,000	563,600	127,000
1,000	1,000	563,700	134,000
1,000	1,000	563,800	124,000
1,000	1,000	563,900	125,000
1,000	1,000	564,000	147,000
1,000	1,000	564,100	142,000
1,000	1,000	564,200	122,000
1,000	1,000	564,300	106,000
1,000	1,000	564,400	131,000
1,000	1,000	564,500	110,000
1,000	1,000	564,600	120,000
1,000	1,000	564,700	140,000
1,000	1,000	564,800	137,000
1,000	1,000	564,900	116,000
1,000	1,000	565,000	111,000
1,000	1,000	565,100	110,000
1,000	1,000	565,200	115,000
1,000	1,000	565,300	114,000
1,000	1,000	565,400	136,000
1,000	1,000	565,500	113,000
1,000	1,000	565,600	127,000
1,000	1,000	565,700	135,000
1,000	1,000	565,800	129,000
1,000	1,000	565,900	112,000
1,000	1,000	566,000	122,000
1,000	1,000	566,100	136,000
1,000	1,000	566,200	126,000
1,000	1,000	566,300	140,000
1,000	1,000	566,400	144,000
1,000	1,000	566,500	122,000
1,000	1,000	566,600	123,000
1,000	1,000	566,700	137,000
1,000	1,000	566,800	118,000
1,000	1,000	566,900	112,000
1,000	1,000	567,000	138,000
1,000	1,000	567,100	149,000
1,000	1,000	567,200	111,000
1,000	1,000	567,300	118,000
1,000	1,000	567,400	141,000
1,000	1,000	567,500	112,000
1,000	1,000	567,600	136,000
1,000	1,000	567,700	88,000
1,000	1,000	567,800	133,000
1,000	1,000	567,900	133,000
1,000	1,000	568,000	141,000
1,000	1,000	568,100	133,000
1,000	1,000	568,200	132,000
1,000	1,000	568,300	130,000
1,000	1,000	568,400	107,000
1,000	1,000	568,500	132,000
1,000	1,000	568,600	110,000
1,000	1,000	568,700	133,000
1,000	1,000	568,800	110,000
1,000	1,000	568,900	125,000
1,000	1,000	569,000	126,000
1,000	1,000	569,100	127,000
1,000	1,000	569,200	123,000
1,000	1,000	569,300	119,000
1,000	1,000	569,400	119,000
1,000	1,000	569,500	135,000
1,000	1,000	569,600	140,000
1,000	1,000	569,700	98,000
1,000	1,000	569,800	125,000
1,000	1,000	569,900	124,000
1,000	1,000	570,000	124,000
1,000	1,000	570,100	116,000
1,000	1,000	570,200	124,000
1,000	1,000	570,300	116,000
1,000	1,000	570,400	120,000
1,000	1,000	570,500	113,000
1,000	1,000	570,600	116,000
1,000	1,000	570,700	124,000
1,000	1,000	570,800	113,000
1,000	1,000	570,900	132,000
1,000	1,000	571,000	131,000
1,000	1,000	571,100	120,000
1,000	1,000	571,200	113,000
1,000	1,000	571,300	132,000
1,000	1,000	571,400	121,000
1,000	1,000	571,500	127,000
1,000	1,000	571,600	130,000
1,000	1,000	571,700	125,000
1,000	1,000	571,800	108,000
1,000	1,000	571,900	123,000
1,000	1,000	572,000	101,000
1,000	1,000	572,100	117,000
1,000	1,000	572,200	137,000
1,000	1,000	572,300	118,000
1,000	1,000	572,400	124,000
1,000	1,000	572,500	128,000
1,000	1,000	572,600	128,000
1,000	1,000	572,700	114,000
1,000	1,000	572,800	109,000
1,000	1,000	572,900	122,000
1,000	1,000	573,000	128,000
1,000	1,000	573,100	117,000
1,000	1,000	573,200	101,000
1,000	1,000	573,300	111,000
1,000	1,000	573,400	125,000
1,000	1,000	573,500	123,000
1,000	1,000	573,600	126,000
1,000	1,000	573,700	129,000
1,000	1,000	573,800	132,000
1,000	1,000	573,900	133,000
1,000	1,000	574,000	139,000
1,000	1,000	574,100	117,000
1,000	1,000	574,200	129,000
1,000	1,000	574,300	124,000
1,000	1,000	574,400	151,000
1,000	1,000	574,500	108,000
1,000	1,000	574,600	127,000
1,000	1,000	574,700	134,000
1,000	1,000	574,800	125,000
1,000	1,000	574,900	126,000
1,000	1,000	575,000	152,000
1,000	1,000	575,100	117,000
1,000	1,000	575,200	126,000
1,000	1,000	575,300	114,000
1,000	1,000	575,400	133,000
1,000	1,000	575,500	126,000
1,000	1,000	575,600	118,000
1,000	1,000	575,700	140,000
1,000	1,000	575,800	122,000
1,000	1,000	575,900	122,000
1,000	1,000	576,000	122,000
1,000	1,000	576,100	116,000
1,000	1,000	576,200	134,000
1,000	1,000	576,300	127,000
1,000	1,000	576,400	136,000
1,000	1,000	576,500	107,000
1,000	1,000	576,600	107,000
1,000	1,000	576,700	127,000
1,000	1,000	576,800	141,000
1,000	1,000	576,900	113,000
1,000	1,000	577,000	122,000
1,000	1,000	577,100	115,000
1,000	1,000	577,200	139,000
1,000	1,000	577,300	142,000
1,000	1,000	577,400	120,000
1,000	1,000	577,500	106,000
1,000	1,000	577,600	140,000
1,000	1,000	577,700	138,000
1,000	1,000	577,800	134,000
1,000	1,000	577,900	141,000
1,000	1,000	578,000	126,000
1,000	1,000	578,100	135,000
1,000	1,000	578,200	149,000
1,000	1,000	578,300	137,000
1,000	1,000	578,400	146,000
1,000	1,000	578,500	146,000
1,000	1,000	578,600	146,000
1,000	1,000	578,700	152,000
1,000	1,000	578,800	155,000
1,000	1,000	578,900	149,000
1,000	1,000	579,000	161,000
1,000	1,000	579,100	179,000
1,000	1,000	579,200	141,000
1,000	1,000	579,300	179,000
1,000	1,000	579,400	203,000
1,000	1,000	579,500	203,000
1,000	1,000	579,600	192,000
1,000	1,000	579,700	212,000
1,000	1,000	579,800	240,000
1,000	1,000	579,900	216,000
1,000	1,000	580,000	219,000
1,000	1,000	580,100	250,000
1,000	1,000	580,200	248,000
1,000	1,000	580,300	245,000
1,000	1,000	580,400	281,000
1,000	1,000	580,500	292,000
1,000	1,000	580,600	276,000
1,000	1,000	580,700	274,000
1,000	1,000	580,800	277,000
1,000	1,000	580,900	298,000
1,000	1,000	581,000	289,000
1,000	1,000	581,100	291,000
1,000	1,000	581,200	264,000
1,000	1,000	581,300	246,000
1,000	1,000	581,400	233,000
1,000	1,000	581,500	253,000
1,000	1,000	581,600	232,000
1,000	1,000	581,700	230,000
1,000	1,000	581,800	224,000
1,000	1,000	581,900	185,000
1,000	1,000	582,000	178,000
1,000	1,000	582,100	190,000
1,000	1,000	582,200	169,000
1,000	1,000	582,300	154,000
1,000	1,000	582,400	181,000
1,000	1,000	582,500	192,000
1,000	1,000	582,600	143,000
1,000	1,000	582,700	151,000
1,000	1,000	582,800	127,000
1,000	1,000	582,900	127,000
1,000	1,000	583,000	148,000
1,000	1,000	583,100	131,000
1,000	1,000	583,200	122,000
1,000	1,000	583,300	158,000
1,000	1,000	583,400	130,000
1,000	1,000	583,500	137,000
1,000	1,000	583,600	137,000
1,000	1,000	583,700	143,000
1,000	1,000	583,800	127,000
1,000	1,000	583,900	142,000
1,000	1,000	584,000	129,000
1,000	1,000	584,100	141,000
1,000	1,000	584,200	121,000
1,000	1,000	584,300	119,000
1,000	1,000	584,400	137,000
1,000	1,000	584,500	111,000
1,000	1,000	584,600	143,000
1,000	1,000	584,700	137,000
1,000	1,000	584,800	124,000
1,000	1,000	584,900	140,000
1,000	1,000	585,000	120,000
1,000	1,000	585,100	120,000
1,000	1,000	585,200	117,000
1,000	1,000	585,300	132,000
1,000	1,000	585,400	107,000
1,000	1,000	585,500	136,000
1,000	1,000	585,600	121,000
1,000	1,000	585,700	113,000
1,000	1,000	585,800	104,000
1,000	1,000	585,900	107,000
1,000	1,000	586,000	106,000
1,000	1,000	586,100	117,000
1,000	1,000	586,200	131,000
1,000	1,000	586,300	99,000
1,000	1,000	586,400	122,000
1,000	1,000	586,500	136,000
1,000	1,000	586,600	130,000
1,000	1,000	586,700	110,000
1,000	1,000	586,800	142,000
1,000	1,000	586,900	127,000
1,000	1,000	587,000	125,000
1,000	1,000	587,100	125,000
1,000	1,000	587,200	122,000
1,000	1,000	587,300	112,000
1,000	1,000	587,400	96,000
1,000	1,000	587,500	114,000
1,000	1,000	587,600	126,000
1,000	1,000	587,700	106,000
1,000	1,000	587,800	118,000
1,000	1,000	587,900	122,000
1,000	1,000	588,000	138,000
1,000	1,000	588,100	112,000
1,000	1,000	588,200	125,000
1,000	1,000	588,300	128,000
1,000	1,000	588,400	115,000
1,000	1,000	588,500	111,000
1,000	1,000	588,600	132,000
1,000	1,000	588,700	113,000
1,000	1,000	588,800	136,000
1,000	1,000	588,900	112,000
1,000	1,000	589,000	117,000
1,000	1,000	589,100	116,000
1,000	1,000	589,200	138,000
1,000	1,000	589,300	116,000
1,000	1,000	589,400	119,000
1,000	1,000	589,500	133,000
1,000	1,000	589,600	143,000
1,000	1,000	589,700	99,000
1,000	1,000	589,800	111,000
1,000	1,000	589,900	123,000
1,000	1,000	590,000	118,000
1,000	1,000	590,100	110,000
1,000	1,000	590,200	115,000
1,000	1,000	590,300	110,000
1,000	1,000	590,400	138,000
1,000	1,000	590,500	105,000
1,000	1,000	590,600	113,000
1,000	1,000	590,700	109,000
1,000	1,000	590,800	123,000
1,000	1,000	590,900	131,000
1,000	1,000	591,000	126,000
1,000	1,000	591,100	123,000
1,000	1,000	591,200	131,000
1,000	1,000	591,300	96,000
1,000	1,000	591,400	95,000
1,000	1,000	591,500	126,000
1,000	1,000	591,600	112,000
1,000	1,000	591,700	126,000
1,000	1,000	591,800	140,000
1,000	1,000	591,900	115,000
1,000	1,000	592,000	122,000
1,000	1,000	592,100	115,000
1,000	1,000	592,200	122,000
1,000	1,000	592,300	121,000
1,000	1,000	592,400	98,000
1,000	1,000	592,500	119,000
1,000	1,000	592,600	128,000
1,000	1,000	592,700	105,000
1,000	1,000	592,800	124,000
1,000	1,000	592,900	103,000
1,000	1,000	593,000	129,000
1,000	1,000	593,100	104,000
1,000	1,000	593,200	113,000
1,000	1,000	593,300	116,000
1,000	1,000	593,400	116,000
1,000	1,000	593,500	96,000
1,000	1,000	593,600	105,000
1,000	1,000	593,700	133,000
1,000	1,000	593,800	114,000
1,000	1,000	593,900	106,000
1,000	1,000	594,000	111,000
1,000	1,000	594,100	135,000
1,000	1,000	594,200	120,000
1,000	1,000	594,300	107,000
1,000	1,000	594,400	118,000
1,000	1,000	594,500	119,000
1,000	1,000	594,600	119,000
1,000	1,000	594,700	107,000
1,000	1,000	594,800	111,000
1,000	1,000	594,900	104,000
1,000	1,000	595,000	103,000
1,000	1,000	595,100	115,000
1,000	1,000	595,200	106,000
1,000	1,000	595,300	107,000
1,000	1,000	595,400	97,000
1,000	1,000	595,500	124,000
1,000	1,000	595,600	130,000
1,000	1,000	595,700	110,000
1,000	1,000	595,800	117,000
1,000	1,000	595,900	107,000
1,000	1,000	596,000	115,000
1,000	1,000	596,100	104,000
1,000	1,000	596,200	119,000
1,000	1,000	596,300	116,000
1,000	1,000	596,400	114,000
1,000	1,000	596,500	104,000
1,000	1,000	596,600	82,000
1,000	1,000	596,700	111,000
1,000	1,000	596,800	108,000
1,000	1,000	596,900	107,000
1,000	1,000	597,000	114,000
1,000	1,000	597,100	107,000
1,000	1,000	597,200	95,000
1,000	1,000	597,300	112,000
1,000	1,000	597,400	102,000
1,000	1,000	597,500	114,000
1,000	1,000	597,600	108,000
1,000	1,000	597,700	115,000
1,000	1,000	597,800	107,000
1,000	1,000	597,900	101,000
1,000	1,000	598,000	94,000
1,000	1,000	598,100	111,000
1,000	1,000	598,200	124,000
1,000	1,000	598,300	103,000
1,000	1,000	598,400	112,000
1,000	1,000	598,500	102,000
1,000	1,000	598,600	107,000
1,000	1,000	598,700	99,000
1,000	1,000	598,800	100,000
1,000	1,000	598,900	112,000
1,000	1,000	599,000	122,000
1,000	1,000	599,100	108,000
1,000	1,000	599,200	120,000
1,000	1,000	599,300	112,000
1,000	1,000	599,400	122,000
1,000	1,000	599,500	110,000
1,000	1,000	599,600	94,000
1,000	1,000	599,700	98,000
1,000	1,000	599,800	114,000
1,000	1,000	599,900	111,000
1,000	1,000	600,000	121,000
2,000	1,000	535,100	950,000
2,000	1,000	535,200	282,000
2,000	1,000	535,300	114,000
2,000	1,000	535,400	63,000
2,000	1,000	535,500	44,000
2,000	1,000	535,600	52,000
2,000	1,000	535,700	38,000
2,000	1,000	535,800	49,000
2,000	1,000	535,900	55,000
2,000	1,000	536,000	48,000
2,000	1,000	536,100	46,000
2,000	1,000	536,200	39,000
2,000	1,000	536,300	49,000
2,000	1,000	536,400	47,000
2,000	1,000	536,500	47,000
2,000	1,000	536,600	49,000
2,000	1,000	536,700	49,000
2,000	1,000	536,800	44,000
2,000	1,000	536,900	45,000
2,000	1,000	537,000	40,000
2,000	1,000	537,100	45,000
2,000	1,000	537,200	37,000
2,000	1,000	537,300	46,000
2,000	1,000	537,400	34,000
2,000	1,000	537,500	44,000
2,000	1,000	537,600	43,000
2,000	1,000	537,700	49,000
2,000	1,000	537,800	50,000
2,000	1,000	537,900	41,000
2,000	1,000	538,000	41,000
2,000	1,000	538,100	40,000
2,000	1,000	538,200	31,000
2,000	1,000	538,300	39,000
2,000	1,000	538,400	42,000
2,000	1,000	538,500	39,000
2,000	1,000	538,600	57,000
2,000	1,000	538,700	48,000
2,000	1,000	538,800	40,000
2,000	1,000	538,900	64,000
2,000	1,000	539,000	35,000
2,000	1,000	539,100	51,000
2,000	1,000	539,200	35,000
2,000	1,000	539,300	56,000
2,000	1,000	539,400	56,000
2,000	1,000	539,500	54,000
2,000	1,000	539,600	77,000
2,000	1,000	539,700	61,000
2,000	1,000	539,800	64,000
2,000	1,000	539,900	82,000
2,000	1,000	540,000	71,000
2,000	1,000	540,100	73,000
2,000	1,000	540,200	83,000
2,000	1,000	540,300	85,000
2,000	1,000	540,400	78,000
2,000	1,000	540,500	110,000
2,000	1,000	540,600	76,000
2,000	1,000	540,700	80,000
2,000	1,000	540,800	102,000
2,000	1,000	540,900	91,000
2,000	1,000	541,000	94,000
2,000	1,000	541,100	105,000
2,000	1,000	541,200	92,000
2,000	1,000	541,300	110,000
2,000	1,000	541,400	104,000
2,000	1,000	541,500	112,000
2,000	1,000	541,600	100,000
2,000	1,000	541,700	106,000
2,000	1,000	541,800	115,000
2,000	1,000	541,900	117,000
2,000	1,000	542,000	119,000
2,000	1,000	542,100	130,000
2,000	1,000	542,200	112,000
2,000	1,000	542,300	125,000
2,000	1,000	542,400	121,000
2,000	1,000	542,500	127,000
2,000	1,000	542,600	141,000
2,000	1,000	542,700	118,000
2,000	1,000	542,800	139,000
2,000	1,000	542,900	139,000
2,000	1,000	543,000	139,000
2,000	1,000	543,100	120,000
2,000	1,000	543,200	123,000
2,000	1,000	543,300	126,000
2,000	1,000	543,400	114,000
2,000	1,000	543,500	141,000
2,000	1,000	543,600	117,000
2,000	1,000	543,700	168,000
2,000	1,000	543,800	134,000
2,000	1,000	543,900	169,000
2,000	1,000	544,000	151,000
2,000	1,000	544,100	143,000
2,000	1,000	544,200	132,000
2,000	1,000	544,300	122,000
2,000	1,000	544,400	163,000
2,000	1,000	544,500	132,000
2,000	1,000	544,600	143,000
2,000	1,000	544,700	151,000
2,000	1,000	544,800	156,000
2,000	1,000	544,900	160,000
2,000	1,000	545,000	151,000
2,000	1,000	545,100	167,000
2,000	1,000	545,200	181,000
2,000	1,000	545,300	155,000
2,000	1,000	545,400	165,000
2,000	1,000	545,500	162,000
2,000	1,000	545,600	134,000
2,000	1,000	545,700	123,000
2,000	1,000	545,800	143,000
2,000	1,000	545,900	138,000
2,000	1,000	546,000	152,000
2,000	1,000	546,100	158,000
2,000	1,000	546,200	119,000
2,000	1,000	546,300	152,000
2,000	1,000	546,400	150,000
2,000	1,000	546,500	139,000
2,000	1,000	546,600	137,000
2,000	1,000	546,700	125,000
2,000	1,000	546,800	136,000
2,000	1,000	546,900	128,000
2,000	1,000	547,000	151,000
2,000	1,000	547,100	153,000
2,000	1,000	547,200	140,000
2,000	1,000	547,300	135,000
2,000	1,000	547,400	148,000
2,000	1,000	547,500	128,000
2,000	1,000	547,600	121,000
2,000	1,000	547,700	135,000
2,000	1,000	547,800	125,000
2,000	1,000	547,900	137,000
2,000	1,000	548,000	120,000
2,000	1,000	548,100	137,000
2,000	1,000	548,200	121,000
2,000	1,000	548,300	128,000
2,000	1,000	548,400	113,000
2,000	1,000	548,500	124,000
2,000	1,000	548,600	138,000
2,000	1,000	548,700	116,000
2,000	1,000	548,800	122,000
2,000	1,000	548,900	121,000
2,000	1,000	549,000	105,000
2,000	1,000	549,100	140,000
2,000	1,000	549,200	116,000
2,000	1,000	549,300	109,000
2,000	1,000	549,400	140,000
2,000	1,000	549,500	128,000
2,000	1,000	549,600	125,000
2,000	1,000	549,700	119,000
2,000	1,000	549,800	132,000
2,000	1,000	549,900	144,000
2,000	1,000	550,000	128,000
2,000	1,000	550,100	114,000
2,000	1,000	550,200	123,000
2,000	1,000	550,300	108,000
2,000	1,000	550,400	112,000
2,000	1,000	550,500	119,000
2,000	1,000	550,600	104,000
2,000	1,000	550,700	111,000
2,000	1,000	550,800	109,000
2,000	1,000	550,900	127,000
2,000	1,000	551,000	128,000
2,000	1,000	551,100	121,000
2,000	1,000	551,200	120,000
2,000	1,000	551,300	114,000
2,000	1,000	551,400	137,000
2,000	1,000	551,500	132,000
2,000	1,000	551,600	126,000
2,000	1,000	551,700	133,000
2,000	1,000	551,800	112,000
2,000	1,000	551,900	110,000
2,000	1,000	552,000	122,000
2,000	1,000	552,100	120,000
2,000	1,000	552,200	134,000
2,000	1,000	552,300	142,000
2,000	1,000	552,400	147,000
2,000	1,000	552,500	127,000
2,000	1,000	552,600	111,000
2,000	1,000	552,700	117,000
2,000	1,000	552,800	122,000
2,000	1,000	552,900	116,000
2,000	1,000	553,000	121,000
2,000	1,000	553,100	108,000
2,000	1,000	553,200	108,000
2,000	1,000	553,300	115,000
2,000	1,000	553,400	117,000
2,000	1,000	553,500	114,000
2,000	1,000	553,600	130,000
2,000	1,000	553,700	119,000
2,000	1,000	553,800	114,000
2,000	1,000	553,900	102,000
2,000	1,000	554,000	110,000
2,000	1,000	554,100	92,000
2,000	1,000	554,200	108,000
2,000	1,000	554,300	114,000
2,000	1,000	554,400	111,000
2,000	1,000	554,500	133,000
2,000	1,000	554,600	109,000
2,000	1,000	554,700	123,000
2,000	1,000	554,800	121,000
2,000	1,000	554,900	134,000
2,000	1,000	555,000	115,000
2,000	1,000	555,100	132,000
2,000	1,000	555,200	123,000
2,000	1,000	555,300	125,000
2,000	1,000	555,400	113,000
2,000	1,000	555,500	112,000
2,000	1,000	555,600	112,000
2,000	1,000	555,700	130,000
2,000	1,000	555,800	121,000
2,000	1,000	555,900	130,000
2,000	1,000	556,000	132,000
2,000	1,000	556,100	114,000
2,000	1,000	556,200	121,000
2,000	1,000	556,300	116,000
2,000	1,000	556,400	127,000
2,000	1,000	556,500	131,000
2,000	1,000	556,600	107,000
2,000	1,000	556,700	127,000
2,000	1,000	556,800	121,000
2,000	1,000	556,900	108,000
2,000	1,000	557,000	113,000
2,000	1,000	557,100	123,000
2,000	1,000	557,200	124,000
2,000	1,000	557,300	121,000
2,000	1,000	557,400	117,000
2,000	1,000	557,500	112,000
2,000	1,000	557,600	118,000
2,000	1,000	557,700	131,000
2,000	1,000	557,800	132,000
2,000	1,000	557,900	132,000
2,000	1,000	558,000	120,000
2,000	1,000	558,100	132,000
2,000	1,000	558,200	114,000
2,000	1,000	558,300	102,000
2,000	1,000	558,400	134,000
2,000	1,000	558,500	126,000
2,000	1,000	558,600	121,000
2,000	1,000	558,700	111,000
2,000	1,000	558,800	116,000
2,000	1,000	558,900	139,000
2,000	1,000	559,000	124,000
2,000	1,000	559,100	129,000
2,000	1,000	559,200	144,000
2,000	1,000	559,300	146,000
2,000	1,000	559,400	129,000
2,000	1,000	559,500	160,000
2,000	1,000	559,600	114,000
2,000	1,000	559,700	128,000
2,000	1,000	559,800	129,000
2,000	1,000	559,900	133,000
2,000	1,000	560,000	133,000
2,000	1,000	560,100	162,000
2,000	1,000	560,200	134,000
2,000	1,000	560,300	147,000
2,000	1,000	560,400	111,000
2,000	1,000	560,500	132,000
2,000	1,000	560,600	125,000
2,000	1,000	560,700	144,000
2,000	1,000	560,800	116,000
2,000	1,000	560,900	138,000
2,000	1,000	561,000	134,000
2,000	1,000	561,100	151,000
2,000	1,000	561,200	122,000
2,000	1,000	561,300	116,000
2,000	1,000	561,400	123,000
2,000	1,000	561,500	127,000
2,000	1,000	561,600	148,000
2,000	1,000	561,700	127,000
2,000	1,000	561,800	121,000
2,000	1,000	561,900	110,000
2,000	1,000	562,000	124,000
2,000	1,000	562,100	126,000
2,000	1,000	562,200	124,000
2,000	1,000	562,300	108,000
2,000	1,000	562,400	130,000
2,000	1,000	562,500	135,000
2,000	1,000	562,600	113,000
2,000	1,000	562,700	118,000
2,000	1,000	562,800	129,000
2,000	1,000	562,900	119,000
2,000	1,000	563,000	106,000
2,000	1,000	563,100	127,000
2,000	1,000	563,200	113,000
2,000	1,000	563,300	121,000
2,000	1,000	563,400	123,000
2,000	1,000	563,500	123,000
2,000	1,000	563,600	131,000
2,000	1,000	563,700	111,000
2,000	1,000	563,800	105,000
2,000	1,000	563,900	111,000
2,000	1,000	564,000	126,000
2,000	1,000	564,100	108,000
2,000	1,000	564,200	114,000
2,000	1,000	564,300	137,000
2,000	1,000	564,400	110,000
2,000	1,000	564,500	112,000
2,000	1,000	564,600	103,000
2,000	1,000	564,700	123,000
2,000	1,000	564,800	94,000
2,000	1,000	564,900	118,000
2,000	1,000	565,000	115,000
2,000	1,000	565,100	117,000
2,000	1,000	565,200	123,000
2,000	1,000	565,300	120,000
2,000	1,000	565,400	113,000
2,000	1,000	565,500	140,000
2,000	1,000	565,600	136,000
2,000	1,000	565,700	108,000
2,000	1,000	565,800	119,000
2,000	1,000	565,900	123,000
2,000	1,000	566,000	126,000
2,000	1,000	566,100	142,000
2,000	1,000	566,200	115,000
2,000	1,000	566,300	122,000
2,000	1,000	566,400	121,000
2,000	1,000	566,500	154,000
2,000	1,000	566,600	119,000
2,000	1,000	566,700	135,000
2,000	1,000	566,800	113,000
2,000	1,000	566,900	121,000
2,000	1,000	567,000	119,000
2,000	1,000	567,100	107,000
2,000	1,000	567,200	122,000
2,000	1,000	567,300	141,000
2,000	1,000	567,400	125,000
2,000	1,000	567,500	120,000
2,000	1,000	567,600	101,000
2,000	1,000	567,700	128,000
2,000	1,000	567,800	126,000
2,000	1,000	567,900	100,000
2,000	1,000	568,000	104,000
2,000	1,000	568,100	112,000
2,000	1,000	568,200	110,000
2,000	1,000	568,300	135,000
2,000	1,000	568,400	123,000
2,000	1,000	568,500	112,000
2,000	1,000	568,600	116,000
2,000	1,000	568,700	132,000
2,000	1,000	568,800	110,000
2,000	1,000	568,900	114,000
2,000	1,000	569,000	133,000
2,000	1,000	569,100	112,000
2,000	1,000	569,200	115,000
2,000	1,000	569,300	110,000
2,000	1,000	569,400	87,000
2,000	1,000	569,500	112,000
2,000	1,000	569,600	104,000
2,000	1,000	569,700	128,000
2,000	1,000	569,800	149,000
2,000	1,000	569,900	131,000
2,000	1,000	570,000	114,000
2,000	1,000	570,100	141,000
2,000	1,000	570,200	108,000
2,000	1,000	570,300	119,000
2,000	1,000	570,400	114,000
2,000	1,000	570,500	132,000
2,000	1,000	570,600	108,000
2,000	1,000	570,700	118,000
2,000	1,000	570,800	104,000
2,000	1,000	570,900	117,000
2,000	1,000	571,000	121,000
2,000	1,000	571,100	119,000
2,000	1,000	571,200	111,000
2,000	1,000	571,300	99,000
2,000	1,000	571,400	129,000
2,000	1,000	571,500	122,000
2,000	1,000	571,600	125,000
2,000	1,000	571,700	96,000
2,000	1,000	571,800	104,000
2,000	1,000	571,900	138,000
2,000	1,000	572,000	127,000
2,000	1,000	572,100	127,000
2,000	1,000	572,200	121,000
2,000	1,000	572,300	125,000
2,000	1,000	572,400	121,000
2,000	1,000	572,500	127,000
2,000	1,000	572,600	96,000
2,000	1,000	572,700	117,000
2,000	1,000	572,800	120,000
2,000	1,000	572,900	120,000
2,000	1,000	573,000	120,000
2,000	1,000	573,100	120,000
2,000	1,000	573,200	121,000
2,000	1,000	573,300	120,000
2,000	1,000	573,400	104,000
2,000	1,000	573,500	141,000
2,000	1,000	573,600	110,000
2,000	1,000	573,700	124,000
2,000	1,000	573,800	125,000
2,000	1,000	573,900	128,000
2,000	1,000	574,000	136,000
2,000	1,000	574,100	112,000
2,000	1,000	574,200	140,000
2,000	1,000	574,300	145,000
2,000	1,000	574,400	128,000
2,000	1,000	574,500	130,000
2,000	1,000	574,600	109,000
2,000	1,000	574,700	124,000
2,000	1,000	574,800	120,000
2,000	1,000	574,900	140,000
2,000	1,000	575,000	116,000
2,000	1,000	575,100	123,000
2,000	1,000	575,200	100,000
2,000	1,000	575,300	102,000
2,000	1,000	575,400	130,000
2,000	1,000	575,500	113,000
2,000	1,000	575,600	120,000
2,000	1,000	575,700	135,000
2,000	1,000	575,800	118,000
2,000	1,000	575,900	124,000
2,000	1,000	576,000	127,000
2,000	1,000	576,100	129,000
2,000	1,000	576,200	114,000
2,000	1,000	576,300	147,000
2,000	1,000	576,400	115,000
2,000	1,000	576,500	124,000
2,000	1,000	576,600	110,000
2,000	1,000	576,700	137,000
2,000	1,000	576,800	126,000
2,000	1,000	576,900	131,000
2,000	1,000	577,000	127,000
2,000	1,000	577,100	119,000
2,000	1,000	577,200	133,000
2,000	1,000	577,300	122,000
2,000	1,000	577,400	116,000
2,000	1,000	577,500	123,000
2,000	1,000	577,600	124,000
2,000	1,000	577,700	141,000
2,000	1,000	577,800	130,000
2,000	1,000	577,900	129,000
2,000	1,000	578,000	139,000
2,000	1,000	578,100	149,000
2,000	1,000	578,200	133,000
2,000	1,000	578,300	136,000
2,000	1,000	578,400	132,000
2,000	1,000	578,500	122,000
2,000	1,000	578,600	136,000
2,000	1,000	578,700	145,000
2,000	1,000	578,800	166,000
2,000	1,000	578,900	132,000
2,000	1,000	579,000	127,000
2,000	1,000	579,100	171,000
2,000	1,000	579,200	174,000
2,000	1,000	579,300	177,000
2,000	1,000	579,400	171,000
2,000	1,000	579,500	180,000
2,000	1,000	579,600	198,000
2,000	1,000	579,700	196,000
2,000	1,000	579,800	215,000
2,000	1,000	579,900	218,000
2,000	1,000	580,000	225,000
2,000	1,000	580,100	294,000
2,000	1,000	580,200	217,000
2,000	1,000	580,300	240,000
2,000	1,000	580,400	254,000
2,000	1,000	580,500	253,000
2,000	1,000	580,600	235,000
2,000	1,000	580,700	253,000
2,000	1,000	580,800	305,000
2,000	1,000	580,900	253,000
2,000	1,000	581,000	260,000
2,000	1,000	581,100	268,000
2,000	1,000	581,200	266,000
2,000	1,000	581,300	237,000
2,000	1,000	581,400	269,000
2,000	1,000	581,500	213,000
2,000	1,000	581,600	205,000
2,000	1,000	581,700	230,000
2,000	1,000	581,800	223,000
2,000	1,000	581,900	188,000
2,000	1,000	582,000	202,000
2,000	1,000	582,100	187,000
2,000	1,000	582,200	192,000
2,000	1,000	582,300	162,000
2,000	1,000	582,400	161,000
2,000	1,000	582,500	173,000
2,000	1,000	582,600	148,000
2,000	1,000	582,700	146,000
2,000	1,000	582,800	152,000
2,000	1,000	582,900	125,000
2,000	1,000	583,000	144,000
2,000	1,000	583,100	137,000
2,000	1,000	583,200	135,000
2,000	1,000	583,300	120,000
2,000	1,000	583,400	133,000
2,000	1,000	583,500	129,000
2,000	1,000	583,600	132,000
2,000	1,000	583,700	125,000
2,000	1,000	583,800	131,000
2,000	1,000	583,900	130,000
2,000	1,000	584,000	110,000
2,000	1,000	584,100	135,000
2,000	1,000	584,200	133,000
2,000	1,000	584,300	119,000
2,000	1,000	584,400	133,000
2,000	1,000	584,500	116,000
2,000	1,000	584,600	126,000
2,000	1,000	584,700	125,000
2,000	1,000	584,800	122,000
2,000	1,000	584,900	122,000
2,000	1,000	585,000	125,000
2,000	1,000	585,100	111,000
2,000	1,000	585,200	138,000
2,000	1,000	585,300	129,000
2,000	1,000	585,400	126,000
2,000	1,000	585,500	129,000
2,000	1,000	585,600	126,000
2,000	1,000	585,700	131,000
2,000	1,000	585,800	102,000
2,000	1,000	585,900	118,000
2,000	1,000	586,000	105,000
2,000	1,000	586,100	120,000
2,000	1,000	586,200	130,000
2,000	1,000	586,300	140,000
2,000	1,000	586,400	127,000
2,000	1,000	586,500	133,000
2,000	1,000	586,600	123,000
2,000	1,000	586,700	126,000
2,000	1,000	586,800	129,000
2,000	1,000	586,900	118,000
2,000	1,000	587,000	131,000
2,000	1,000	587,100	114,000
2,000	1,000	587,200	123,000
2,000	1,000	587,300	101,000
2,000	1,000	587,400	110,000
2,000	1,000	587,500	117,000
2,000	1,000	587,600	105,000
2,000	1,000	587,700	117,000
2,000	1,000	587,800	124,000
2,000	1,000	587,900	128,000
2,000	1,000	588,000	120,000
2,000	1,000	588,100	128,000
2,000	1,000	588,200	105,000
2,000	1,000	588,300	112,000
2,000	1,000	588,400	114,000
2,000	1,000	588,500	92,000
2,000	1,000	588,600	113,000
2,000	1,000	588,700	110,000
2,000	1,000	588,800	125,000
2,000	1,000	588,900	113,000
2,000	1,000	589,000	120,000
2,000	1,000	589,100	115,000
2,000	1,000	589,200	129,000
2,000	1,000	589,300	114,000
2,000	1,000	589,400	133,000
2,000	1,000	589,500	111,000
2,000	1,000	589,600	122,000
2,000	1,000	589,700	129,000
2,000	1,000	589,800	113,000
2,000	1,000	589,900	120,000
2,000	1,000	590,000	120,000
2,000	1,000	590,100	129,000
2,000	1,000	590,200	131,000
2,000	1,000	590,300	127,000
2,000	1,000	590,400	93,000
2,000	1,000	590,500	115,000
2,000	1,000	590,600	111,000
2,000	1,000	590,700	92,000
2,000	1,000	590,800	126,000
2,000	1,000	590,900	109,000
2,000	1,000	591,000	128,000
2,000	1,000	591,100	138,000
2,000	1,000	591,200	124,000
2,000	1,000	591,300	133,000
2,000	1,000	591,400	111,000
2,000	1,000	591,500	117,000
2,000	1,000	591,600	136,000
2,000	1,000	591,700	99,000
2,000	1,000	591,800	116,000
2,000	1,000	591,900	109,000
2,000	1,000	592,000	129,000
2,000	1,000	592,100	110,000
2,000	1,000	592,200	119,000
2,000	1,000	592,300	133,000
2,000	1,000	592,400	127,000
2,000	1,000	592,500	115,000
2,000	1,000	592,600	102,000
2,000	1,000	592,700	122,000
2,000	1,000	592,800	124,000
2,000	1,000	592,900	110,000
2,000	1,000	593,000	116,000
2,000	1,000	593,100	111,000
2,000	1,000	593,200	103,000
2,000	1,000	593,300	118,000
2,000	1,000	593,400	106,000
2,000	1,000	593,500	117,000
2,000	1,000	593,600	125,000
2,000	1,000	593,700	125,000
2,000	1,000	593,800	122,000
2,000	1,000	593,900	135,000
2,000	1,000	594,000	111,000
2,000	1,000	594,100	110,000
2,000	1,000	594,200	123,000
2,000	1,000	594,300	118,000
2,000	1,000	594,400	107,000
2,000	1,000	594,500	134,000
2,000	1,000	594,600	127,000
2,000	1,000	594,700	126,000
2,000	1,000	594,800	132,000
2,000	1,000	594,900	106,000
2,000	1,000	595,000	108,000
2,000	1,000	595,100	111,000
2,000	1,000	595,200	117,000
2,000	1,000	595,300	122,000
2,000	1,000	595,400	113,000
2,000	1,000	595,500	127,000
2,000	1,000	595,600	120,000
2,000	1,000	595,700	133,000
2,000	1,000	595,800	100,000
2,000	1,000	595,900	126,000
2,000	1,000	596,000	115,000
2,000	1,000	596,100	104,000
2,000	1,000	596,200	107,000
2,000	1,000	596,300	110,000
2,000	1,000	596,400	116,000
2,000	1,000	596,500	112,000
2,000	1,000	596,600	97,000
2,000	1,000	596,700	108,000
2,000	1,000	596,800	123,000
2,000	1,000	596,900	84,000
2,000	1,000	597,000	112,000
2,000	1,000	597,100	122,000
2,000	1,000	597,200	110,000
2,000	1,000	597,300	110,000
2,000	1,000	597,400	131,000
2,000	1,000	597,500	110,000
2,000	1,000	597,600	115,000
2,000	1,000	597,700	107,000
2,000	1,000	597,800	111,000
2,000	1,000	597,900	112,000
2,000	1,000	598,000	94,000
2,000	1,000	598,100	114,000
2,000	1,000	598,200	113,000
2,000	1,000	598,300	113,000
2,000	1,000	598,400	127,000
2,000	1,000	598,500	110,000
2,000	1,000	598,600	105,000
2,000	1,000	598,700	105,000
2,000	1,000	598,800	104,000
2,000	1,000	598,900	112,000
2,000	1,000	599,000	110,000
2,000	1,000	599,100	101,000
2,000	1,000	599,200	126,000
2,000	1,000	599,300	126,000
2,000	1,000	599,400	119,000
2,000	1,000	599,500	112,000
2,000	1,000	599,600	100,000
2,000	1,000	599,700	96,000
2,000	1,000	599,800	98,000
2,000	1,000	599,900	107,000
2,000	1,000	600,000	112,000
3,000	1,000	535,100	989,000
3,000	1,000	535,200	259,000
3,000	1,000	535,300	143,000
3,000	1,000	535,400	73,000
3,000	1,000	535,500	67,000
3,000	1,000	535,600	53,000
3,000	1,000	535,700	47,000
3,000	1,000	535,800	48,000
3,000	1,000	535,900	35,000
3,000	1,000	536,000	59,000
3,000	1,000	536,100	52,000
3,000	1,000	536,200	52,000
3,000	1,000	536,300	51,000
3,000	1,000	536,400	45,000
3,000	1,000	536,500	50,000
3,000	1,000	536,600	45,000
3,000	1,000	536,700	48,000
3,000	1,000	536,800	39,000
3,000	1,000	536,900	46,000
3,000	1,000	537,000	38,000
3,000	1,000	537,100	41,000
3,000	1,000	537,200	46,000
3,000	1,000	537,300	49,000
3,000	1,000	537,400	41,000
3,000	1,000	537,500	46,000
3,000	1,000	537,600	50,000
3,000	1,000	537,700	47,000
3,000	1,000	537,800	57,000
3,000	1,000	537,900	38,000
3,000	1,000	538,000	48,000
3,000	1,000	538,100	41,000
3,000	1,000	538,200	27,000
3,000	1,000	538,300	34,000
3,000	1,000	538,400	38,000
3,000	1,000	538,500	46,000
3,000	1,000	538,600	43,000
3,000	1,000	538,700	38,000
3,000	1,000	538,800	46,000
3,000	1,000	538,900	42,000
3,000	1,000	539,000	41,000
3,000	1,000	539,100	41,000
3,000	1,000	539,200	60,000
3,000	1,000	539,300	56,000
3,000	1,000	539,400	53,000
3,000	1,000	539,500	60,000
3,000	1,000	539,600	49,000
3,000	1,000	539,700	55,000
3,000	1,000	539,800	72,000
3,000	1,000	539,900	71,000
3,000	1,000	540,000	63,000
3,000	1,000	540,100	66,000
3,000	1,000	540,200	68,000
3,000	1,000	540,300	91,000
3,000	1,000	540,400	86,000
3,000	1,000	540,500	85,000
3,000	1,000	540,600	92,000
3,000	1,000	540,700	86,000
3,000	1,000	540,800	94,000
3,000	1,000	540,900	98,000
3,000	1,000	541,000	93,000
3,000	1,000	541,100	86,000
3,000	1,000	541,200	106,000
3,000	1,000	541,300	99,000
3,000	1,000	541,400	115,000
3,000	1,000	541,500	116,000
3,000	1,000	541,600	112,000
3,000	1,000	541,700	127,000
3,000	1,000	541,800	129,000
3,000	1,000	541,900	122,000
3,000	1,000	542,000	109,000
3,000	1,000	542,100	121,000
3,000	1,000	542,200	121,000
3,000	1,000	542,300	129,000
3,000	1,000	542,400	123,000
3,000	1,000	542,500	140,000
3,000	1,000	542,600	146,000
3,000	1,000	542,700	138,000
3,000	1,000	542,800	125,000
3,000	1,000	542,900	133,000
3,000	1,000	543,000	128,000
3,000	1,000	543,100	140,000
3,000	1,000	543,200	119,000
3,000	1,000	543,300	146,000
3,000	1,000	543,400	146,000
3,000	1,000	543,500	157,000
3,000	1,000	543,600	157,000
3,000	1,000	543,700	158,000
3,000	1,000	543,800	150,000
3,000	1,000	543,900	164,000
3,000	1,000	544,000	155,000
3,000	1,000	544,100	129,000
3,000	1,000	544,200	164,000
3,000	1,000	544,300	149,000
3,000	1,000	544,400	133,000
3,000	1,000	544,500	143,000
3,000	1,000	544,600	144,000
3,000	1,000	544,700	171,000
3,000	1,000	544,800	157,000
3,000	1,000	544,900	162,000
3,000	1,000	545,000	145,000
3,000	1,000	545,100	165,000
3,000	1,000	545,200	161,000
3,000	1,000	545,300	150,000
3,000	1,000	545,400	143,000
3,000	1,000	545,500	162,000
3,000	1,000	545,600	145,000
3,000	1,000	545,700	150,000
3,000	1,000	545,800	146,000
3,000	1,000	545,900	140,000
3,000	1,000	546,000	151,000
3,000	1,000	546,100	135,000
3,000	1,000	546,200	137,000
3,000	1,000	546,300	161,000
3,000	1,000	546,400	151,000
3,000	1,000	546,500	174,000
3,000	1,000	546,600	158,000
3,000	1,000	546,700	127,000
3,000	1,000	546,800	137,000
3,000	1,000	546,900	136,000
3,000	1,000	547,000	140,000
3,000	1,000	547,100	120,000
3,000	1,000	547,200	126,000
3,000	1,000	547,300	120,000
3,000	1,000	547,400	120,000
3,000	1,000	547,500	140,000
3,000	1,000	547,600	125,000
3,000	1,000	547,700	149,000
3,000	1,000	547,800	151,000
3,000	1,000	547,900	129,000
3,000	1,000	548,000	137,000
3,000	1,000	548,100	148,000
3,000	1,000	548,200	130,000
3,000	1,000	548,300	123,000
3,000	1,000	548,400	126,000
3,000	1,000	548,500	136,000
3,000	1,000	548,600	129,000
3,000	1,000	548,700	145,000
3,000	1,000	548,800	121,000
3,000	1,000	548,900	128,000
3,000	1,000	549,000	133,000
3,000	1,000	549,100	116,000
3,000	1,000	549,200	128,000
3,000	1,000	549,300	110,000
3,000	1,000	549,400	120,000
3,000	1,000	549,500	130,000
3,000	1,000	549,600	128,000
3,000	1,000	549,700	127,000
3,000	1,000	549,800	133,000
3,000	1,000	549,900	112,000
3,000	1,000	550,000	124,000
3,000	1,000	550,100	133,000
3,000	1,000	550,200	126,000
3,000	1,000	550,300	111,000
3,000	1,000	550,400	118,000
3,000	1,000	550,500	116,000
3,000	1,000	550,600	110,000
3,000	1,000	550,700	131,000
3,000	1,000	550,800	125,000
3,000	1,000	550,900	118,000
3,000	1,000	551,000	140,000
3,000	1,000	551,100	129,000
3,000	1,000	551,200	136,000
3,000	1,000	551,300	135,000
3,000	1,000	551,400	145,000
3,000	1,000	551,500	110,000
3,000	1,000	551,600	110,000
3,000	1,000	551,700	117,000
3,000	1,000	551,800	122,000
3,000	1,000	551,900	127,000
3,000	1,000	552,000	124,000
3,000	1,000	552,100	134,000
3,000	1,000	552,200	126,000
3,000	1,000	552,300	130,000
3,000	1,000	552,400	132,000
3,000	1,000	552,500	121,000
3,000	1,000	552,600	138,000
3,000	1,000	552,700	132,000
3,000	1,000	552,800	116,000
3,000	1,000	552,900	137,000
3,000	1,000	553,000	112,000
3,000	1,000	553,100	122,000
3,000	1,000	553,200	118,000
3,000	1,000	553,300	118,000
3,000	1,000	553,400	119,000
3,000	1,000	553,500	119,000
3,000	1,000	553,600	120,000
3,000	1,000	553,700	129,000
3,000	1,000	553,800	129,000
3,000	1,000	553,900	125,000
3,000	1,000	554,000	100,000
3,000	1,000	554,100	131,000
3,000	1,000	554,200	110,000
3,000	1,000	554,300	109,000
3,000	1,000	554,400	109,000
3,000	1,000	554,500	136,000
3,000	1,000	554,600	116,000
3,000	1,000	554,700	114,000
3,000	1,000	554,800	130,000
3,000	1,000	554,900	111,000
3,000	1,000	555,000	116,000
3,000	1,000	555,100	109,000
3,000	1,000	555,200	108,000
3,000	1,000	555,300	109,000
3,000	1,000	555,400	116,000
3,000	1,000	555,500	131,000
3,000	1,000	555,600	110,000
3,000	1,000	555,700	117,000
3,000	1,000	555,800	100,000
3,000	1,000	555,900	118,000
3,000	1,000	556,000	114,000
3,000	1,000	556,100	129,000
3,000	1,000	556,200	117,000
3,000	1,000	556,300	132,000
3,000	1,000	556,400	132,000
3,000	1,000	556,500	135,000
3,000	1,000	556,600	134,000
3,000	1,000	556,700	96,000
3,000	1,000	556,800	127,000
3,000	1,000	556,900	133,000
3,000	1,000	557,000	151,000
3,000	1,000	557,100	120,000
3,000	1,000	557,200	136,000
3,000	1,000	557,300	128,000
3,000	1,000	557,400	136,000
3,000	1,000	557,500	115,000
3,000	1,000	557,600	119,000
3,000	1,000	557,700	121,000
3,000	1,000	557,800	140,000
3,000	1,000	557,900	127,000
3,000	1,000	558,000	118,000
3,000	1,000	558,100	133,000
3,000	1,000	558,200	138,000
3,000	1,000	558,300	128,000
3,000	1,000	558,400	115,000
3,000	1,000	558,500	122,000
3,000	1,000	558,600	122,000
3,000	1,000	558,700	137,000
3,000	1,000	558,800	115,000
3,000	1,000	558,900	136,000
3,000	1,000	559,000	127,000
3,000	1,000	559,100	148,000
3,000	1,000	559,200	149,000
3,000	1,000	559,300	124,000
3,000	1,000	559,400	123,000
3,000	1,000	559,500	136,000
3,000	1,000	559,600	140,000
3,000	1,000	559,700	147,000
3,000	1,000	559,800	157,000
3,000	1,000	559,900	129,000
3,000	1,000	560,000	119,000
3,000	1,000	560,100	141,000
3,000	1,000	560,200	133,000
3,000	1,000	560,300	148,000
3,000	1,000	560,400	144,000
3,000	1,000	560,500	137,000
3,000	1,000	560,600	147,000
3,000	1,000	560,700	111,000
3,000	1,000	560,800	131,000
3,000	1,000	560,900	147,000
3,000	1,000	561,000	103,000
3,000	1,000	561,100	160,000
3,000	1,000	561,200	130,000
3,000	1,000	561,300	148,000
3,000	1,000	561,400	134,000
3,000	1,000	561,500	143,000
3,000	1,000	561,600	126,000
3,000	1,000	561,700	131,000
3,000	1,000	561,800	146,000
3,000	1,000	561,900	118,000
3,000	1,000	562,000	140,000
3,000	1,000	562,100	124,000
3,000	1,000	562,200	102,000
3,000	1,000	562,300	157,000
3,000	1,000	562,400	136,000
3,000	1,000	562,500	132,000
3,000	1,000	562,600	149,000
3,000	1,000	562,700	117,000
3,000	1,000	562,800	126,000
3,000	1,000	562,900	148,000
3,000	1,000	563,000	141,000
3,000	1,000	563,100	134,000
3,000	1,000	563,200	104,000
3,000	1,000	563,300	105,000
3,000	1,000	563,400	137,000
3,000	1,000	563,500	104,000
3,000	1,000	563,600	129,000
3,000	1,000	563,700	121,000
3,000	1,000	563,800	135,000
3,000	1,000	563,900	118,000
3,000	1,000	564,000	142,000
3,000	1,000	564,100	120,000
3,000	1,000	564,200	110,000
3,000	1,000	564,300	138,000
3,000	1,000	564,400	125,000
3,000	1,000	564,500	131,000
3,000	1,000	564,600	141,000
3,000	1,000	564,700	116,000
3,000	1,000	564,800	147,000
3,000	1,000	564,900	120,000
3,000	1,000	565,000	136,000
3,000	1,000	565,100	133,000
3,000	1,000	565,200	141,000
3,000	1,000	565,300	131,000
3,000	1,000	565,400	128,000
3,000	1,000	565,500	118,000
3,000	1,000	565,600	124,000
3,000	1,000	565,700	128,000
3,000	1,000	565,800	131,000
3,000	1,000	565,900	132,000
3,000	1,000	566,000	105,000
3,000	1,000	566,100	107,000
3,000	1,000	566,200	133,000
3,000	1,000	566,300	132,000
3,000	1,000	566,400	138,000
3,000	1,000	566,500	124,000
3,000	1,000	566,600	146,000
3,000	1,000	566,700	128,000
3,000	1,000	566,800	132,000
3,000	1,000	566,900	139,000
3,000	1,000	567,000	134,000
3,000	1,000	567,100	133,000
3,000	1,000	567,200	119,000
3,000	1,000	567,300	111,000
3,000	1,000	567,400	105,000
3,000	1,000	567,500	113,000
3,000	1,000	567,600	116,000
3,000	1,000	567,700	123,000
3,000	1,000	567,800	131,000
3,000	1,000	567,900	128,000
3,000	1,000	568,000	121,000
3,000	1,000	568,100	110,000
3,000	1,000	568,200	125,000
3,000	1,000	568,300	132,000
3,000	1,000	568,400	124,000
3,000	1,000	568,500	135,000
3,000	1,000	568,600	137,000
3,000	1,000	568,700	134,000
3,000	1,000	568,800	117,000
3,000	1,000	568,900	121,000
3,000	1,000	569,000	123,000
3,000	1,000	569,100	141,000
3,000	1,000	569,200	120,000
3,000	1,000	569,300	122,000
3,000	1,000	569,400	108,000
3,000	1,000	569,500	117,000
3,000	1,000	569,600	118,000
3,000	1,000	569,700	115,000
3,000	1,000	569,800	124,000
3,000	1,000	569,900	131,000
3,000	1,000	570,000	119,000
3,000	1,000	570,100	98,000
3,000	1,000	570,200	114,000
3,000	1,000	570,300	104,000
3,000	1,000	570,400	116,000
3,000	1,000	570,500	113,000
3,000	1,000	570,600	115,000
3,000	1,000	570,700	122,000
3,000	1,000	570,800	132,000
3,000	1,000	570,900	114,000
3,000	1,000	571,000	130,000
3,000	1,000	571,100	115,000
3,000	1,000	571,200	118,000
3,000	1,000	571,300	122,000
3,000	1,000	571,400	130,000
3,000	1,000	571,500	113,000
3,000	1,000	571,600	99,000
3,000	1,000	571,700	128,000
3,000	1,000	571,800	127,000
3,000	1,000	571,900	119,000
3,000	1,000	572,000	125,000
3,000	1,000	572,100	109,000
3,000	1,000	572,200	121,000
3,000	1,000	572,300	111,000
3,000	1,000	572,400	114,000
3,000	1,000	572,500	120,000
3,000	1,000	572,600	97,000
3,000	1,000	572,700	120,000
3,000	1,000	572,800	134,000
3,000	1,000	572,900	122,000
3,000	1,000	573,000	124,000
3,000	1,000	573,100	118,000
3,000	1,000	573,200	121,000
3,000	1,000	573,300	114,000
3,000	1,000	573,400	131,000
3,000	1,000	573,500	104,000
3,000	1,000	573,600	120,000
3,000	1,000	573,700	117,000
3,000	1,000	573,800	119,000
3,000	1,000	573,900	140,000
3,000	1,000	574,000	134,000
3,000	1,000	574,100	116,000
3,000	1,000	574,200	107,000
3,000	1,000	574,300	141,000
3,000	1,000	574,400	117,000
3,000	1,000	574,500	126,000
3,000	1,000	574,600	114,000
3,000	1,000	574,700	124,000
3,000	1,000	574,800	112,000
3,000	1,000	574,900	123,000
3,000	1,000	575,000	150,000
3,000	1,000	575,100	126,000
3,000	1,000	575,200	115,000
3,000	1,000	575,300	106,000
3,000	1,000	575,400	123,000
3,000	1,000	575,500	117,000
3,000	1,000	575,600	155,000
3,000	1,000	575,700	110,000
3,000	1,000	575,800	137,000
3,000	1,000	575,900	126,000
3,000	1,000	576,000	138,000
3,000	1,000	576,100	128,000
3,000	1,000	576,200	137,000
3,000	1,000	576,300	113,000
3,000	1,000	576,400	144,000
3,000	1,000	576,500	137,000
3,000	1,000	576,600	116,000
3,000	1,000	576,700	122,000
3,000	1,000	576,800	128,000
3,000	1,000	576,900	119,000
3,000	1,000	577,000	115,000
3,000	1,000	577,100	138,000
3,000	1,000	577,200	127,000
3,000	1,000	577,300	124,000
3,000	1,000	577,400	144,000
3,000	1,000	577,500	132,000
3,000	1,000	577,600	125,000
3,000	1,000	577,700	163,000
3,000	1,000	577,800	140,000
3,000	1,000	577,900	128,000
3,000	1,000	578,000	136,000
3,000	1,000	578,100	140,000
3,000	1,000	578,200	119,000
3,000	1,000	578,300	134,000
3,000	1,000	578,400	135,000
3,000	1,000	578,500	132,000
3,000	1,000	578,600	133,000
3,000	1,000	578,700	133,000
3,000	1,000	578,800	141,000
3,000	1,000	578,900	153,000
3,000	1,000	579,000	162,000
3,000	1,000	579,100	159,000
3,000	1,000	579,200	149,000
3,000	1,000	579,300	164,000
3,000	1,000	579,400	173,000
3,000	1,000	579,500	172,000
3,000	1,000	579,600	196,000
3,000	1,000	579,700	218,000
3,000	1,000	579,800	206,000
3,000	1,000	579,900	214,000
3,000	1,000	580,000	206,000
3,000	1,000	580,100	241,000
3,000	1,000	580,200	242,000
3,000	1,000	580,300	265,000
3,000	1,000	580,400	219,000
3,000	1,000	580,500	254,000
3,000	1,000	580,600	275,000
3,000	1,000	580,700	283,000
3,000	1,000	580,800	269,000
3,000	1,000	580,900	318,000
3,000	1,000	581,000	281,000
3,000	1,000	581,100	277,000
3,000	1,000	581,200	255,000
3,000	1,000	581,300	257,000
3,000	1,000	581,400	242,000
3,000	1,000	581,500	226,000
3,000	1,000	581,600	230,000
3,000	1,000	581,700	188,000
3,000	1,000	581,800	226,000
3,000	1,000	581,900	224,000
3,000	1,000	582,000	198,000
3,000	1,000	582,100	197,000
3,000	1,000	582,200	186,000
3,000	1,000	582,300	179,000
3,000	1,000	582,400	174,000
3,000	1,000	582,500	174,000
3,000	1,000	582,600	160,000
3,000	1,000	582,700	155,000
3,000	1,000	582,800	126,000
3,000	1,000	582,900	131,000
3,000	1,000	583,000	147,000
3,000	1,000	583,100	141,000
3,000	1,000	583,200	142,000
3,000	1,000	583,300	145,000
3,000	1,000	583,400	113,000
3,000	1,000	583,500	122,000
3,000	1,000	583,600	122,000
3,000	1,000	583,700	111,000
3,000	1,000	583,800	134,000
3,000	1,000	583,900	143,000
3,000	1,000	584,000	127,000
3,000	1,000	584,100	115,000
3,000	1,000	584,200	105,000
3,000	1,000	584,300	129,000
3,000	1,000	584,400	114,000
3,000	1,000	584,500	100,000
3,000	1,000	584,600	118,000
3,000	1,000	584,700	138,000
3,000	1,000	584,800	113,000
3,000	1,000	584,900	137,000
3,000	1,000	585,000	122,000
3,000	1,000	585,100	110,000
3,000	1,000	585,200	127,000
3,000	1,000	585,300	123,000
3,000	1,000	585,400	106,000
3,000	1,000	585,500	119,000
3,000	1,000	585,600	113,000
3,000	1,000	585,700	114,000
3,000	1,000	585,800	120,000
3,000	1,000	585,900	134,000
3,000	1,000	586,000	117,000
3,000	1,000	586,100	125,000
3,000	1,000	586,200	107,000
3,000	1,000	586,300	113,000
3,000	1,000	586,400	112,000
3,000	1,000	586,500	118,000
3,000	1,000	586,600	149,000
3,000	1,000	586,700	142,000
3,000	1,000	586,800	123,000
3,000	1,000	586,900	107,000
3,000	1,000	587,000	134,000
3,000	1,000	587,100	115,000
3,000	1,000	587,200	130,000
3,000	1,000	587,300	114,000
3,000	1,000	587,400	128,000
3,000	1,000	587,500	137,000
3,000	1,000	587,600	106,000
3,000	1,000	587,700	127,000
3,000	1,000	587,800	108,000
3,000	1,000	587,900	100,000
3,000	1,000	588,000	114,000
3,000	1,000	588,100	131,000
3,000	1,000	588,200	121,000
3,000	1,000	588,300	133,000
3,000	1,000	588,400	87,000
3,000	1,000	588,500	112,000
3,000	1,000	588,600	141,000
3,000	1,000	588,700	103,000
3,000	1,000	588,800	112,000
3,000	1,000	588,900	123,000
3,000	1,000	589,000	119,000
3,000	1,000	589,100	119,000
3,000	1,000	589,200	111,000
3,000	1,000	589,300	109,000
3,000	1,000	589,400	130,000
3,000	1,000	589,500	121,000
3,000	1,000	589,600	131,000
3,000	1,000	589,700	121,000
3,000	1,000	589,800	123,000
3,000	1,000	589,900	119,000
3,000	1,000	590,000	117,000
3,000	1,000	590,100	98,000
3,000	1,000	590,200	111,000
3,000	1,000	590,300	118,000
3,000	1,000	590,400	107,000
3,000	1,000	590,500	105,000
3,000	1,000	590,600	126,000
3,000	1,000	590,700	136,000
3,000	1,000	590,800	112,000
3,000	1,000	590,900	116,000
3,000	1,000	591,000	126,000
3,000	1,000	591,100	123,000
3,000	1,000	591,200	133,000
3,000	1,000	591,300	104,000
3,000	1,000	591,400	131,000
3,000	1,000	591,500	122,000
3,000	1,000	591,600	104,000
3,000	1,000	591,700	92,000
3,000	1,000	591,800	119,000
3,000	1,000	591,900	118,000
3,000	1,000	592,000	110,000
3,000	1,000	592,100	127,000
3,000	1,000	592,200	115,000
3,000	1,000	592,300	128,000
3,000	1,000	592,400	110,000
3,000	1,000	592,500	112,000
3,000	1,000	592,600	115,000
3,000	1,000	592,700	111,000
3,000	1,000	592,800	114,000
3,000	1,000	592,900	119,000
3,000	1,000	593,000	132,000
3,000	1,000	593,100	95,000
3,000	1,000	593,200	132,000
3,000	1,000	593,300	117,000
3,000	1,000	593,400	119,000
3,000	1,000	593,500	116,000
3,000	1,000	593,600	129,000
3,000	1,000	593,700	108,000
3,000	1,000	593,800	133,000
3,000	1,000	593,900	122,000
3,000	1,000	594,000	125,000
3,000	1,000	594,100	114,000
3,000	1,000	594,200	118,000
3,000	1,000	594,300	107,000
3,000	1,000	594,400	91,000
3,000	1,000	594,500	128,000
3,000	1,000	594,600	112,000
3,000	1,000	594,700	123,000
3,000	1,000	594,800	110,000
3,000	1,000	594,900	130,000
3,000	1,000	595,000	113,000
3,000	1,000	595,100	118,000
3,000	1,000	595,200	124,000
3,000	1,000	595,300	109,000
3,000	1,000	595,400	112,000
3,000	1,000	595,500	119,000
3,000	1,000	595,600	135,000
3,000	1,000	595,700	119,000
3,000	1,000	595,800	108,000
3,000	1,000	595,900	109,000
3,000	1,000	596,000	114,000
3,000	1,000	596,100	121,000
3,000	1,000	596,200	119,000
3,000	1,000	596,300	107,000
3,000	1,000	596,400	120,000
3,000	1,000	596,500	114,000
3,000	1,000	596,600	105,000
3,000	1,000	596,700	118,000
3,000	1,000	596,800	99,000
3,000	1,000	596,900	125,000
3,000	1,000	597,000	97,000
3,000	1,000	597,100	109,000
3,000	1,000	597,200	109,000
3,000	1,000	597,300	111,000
3,000	1,000	597,400	117,000
3,000	1,000	597,500	118,000
3,000	1,000	597,600	111,000
3,000	1,000	597,700	108,000
3,000	1,000	597,800	110,000
3,000	1,000	597,900	129,000
3,000	1,000	598,000	106,000
3,000	1,000	598,100	119,000
3,000	1,000	598,200	122,000
3,000	1,000	598,300	128,000
3,000	1,000	598,400	111,000
3,000	1,000	598,500	115,000
3,000	1,000	598,600	113,000
3,000	1,000	598,700	128,000
3,000	1,000	598,800	97,000
3,000	1,000	598,900	100,000
3,000	1,000	599,000	110,000
3,000	1,000	599,100	107,000
3,000	1,000	599,200	104,000
3,000	1,000	599,300	108,000
3,000	1,000	599,400	120,000
3,000	1,000	599,500	109,000
3,000	1,000	599,600	101,000
3,000	1,000	599,700	112,000
3,000	1,000	599,800	102,000
3,000	1,000	599,900	103,000
3,000	1,000	600,000	108,000
4,000	1,000	535,100	1105,000
4,000	1,000	535,200	357,000
4,000	1,000	535,300	141,000
4,000	1,000	535,400	86,000
4,000	1,000	535,500	70,000
4,000	1,000	535,600	37,000
4,000	1,000	535,700	60,000
4,000	1,000	535,800	40,000
4,000	1,000	535,900	42,000
4,000	1,000	536,000	43,000
4,000	1,000	536,100	47,000
4,000	1,000	536,200	53,000
4,000	1,000	536,300	46,000
4,000	1,000	536,400	45,000
4,000	1,000	536,500	48,000
4,000	1,000	536,600	38,000
4,000	1,000	536,700	36,000
4,000	1,000	536,800	33,000
4,000	1,000	536,900	45,000
4,000	1,000	537,000	37,000
4,000	1,000	537,100	51,000
4,000	1,000	537,200	37,000
4,000	1,000	537,300	33,000
4,000	1,000	537,400	41,000
4,000	1,000	537,500	42,000
4,000	1,000	537,600	50,000
4,000	1,000	537,700	43,000
4,000	1,000	537,800	47,000
4,000	1,000	537,900	42,000
4,000	1,000	538,000	31,000
4,000	1,000	538,100	38,000
4,000	1,000	538,200	43,000
4,000	1,000	538,300	40,000
4,000	1,000	538,400	52,000
4,000	1,000	538,500	41,000
4,000	1,000	538,600	48,000
4,000	1,000	538,700	43,000
4,000	1,000	538,800	50,000
4,000	1,000	538,900	44,000
4,000	1,000	539,000	42,000
4,000	1,000	539,100	51,000
4,000	1,000	539,200	40,000
4,000	1,000	539,300	52,000
4,000	1,000	539,400	51,000
4,000	1,000	539,500	50,000
4,000	1,000	539,600	58,000
4,000	1,000	539,700	54,000
4,000	1,000	539,800	66,000
4,000	1,000	539,900	66,000
4,000	1,000	540,000	66,000
4,000	1,000	540,100	57,000
4,000	1,000	540,200	63,000
4,000	1,000	540,300	82,000
4,000	1,000	540,400	78,000
4,000	1,000	540,500	76,000
4,000	1,000	540,600	93,000
4,000	1,000	540,700	89,000
4,000	1,000	540,800	79,000
4,000	1,000	540,900	98,000
4,000	1,000	541,000	92,000
4,000	1,000	541,100	101,000
4,000	1,000	541,200	101,000
4,000	1,000	541,300	95,000
4,000	1,000	541,400	118,000
4,000	1,000	541,500	113,000
4,000	1,000	541,600	108,000
4,000	1,000	541,700	103,000
4,000	1,000	541,800	112,000
4,000	1,000	541,900	112,000
4,000	1,000	542,000	119,000
4,000	1,000	542,100	118,000
4,000	1,000	542,200	114,000
4,000	1,000	542,300	104,000
4,000	1,000	542,400	114,000
4,000	1,000	542,500	135,000
4,000	1,000	542,600	126,000
4,000	1,000	542,700	119,000
4,000	1,000	542,800	111,000
4,000	1,000	542,900	124,000
4,000	1,000	543,000	132,000
4,000	1,000	543,100	131,000
4,000	1,000	543,200	131,000
4,000	1,000	543,300	146,000
4,000	1,000	543,400	125,000
4,000	1,000	543,500	151,000
4,000	1,000	543,600	129,000
4,000	1,000	543,700	166,000
4,000	1,000	543,800	142,000
4,000	1,000	543,900	135,000
4,000	1,000	544,000	144,000
4,000	1,000	544,100	177,000
4,000	1,000	544,200	157,000
4,000	1,000	544,300	165,000
4,000	1,000	544,400	158,000
4,000	1,000	544,500	126,000
4,000	1,000	544,600	154,000
4,000	1,000	544,700	161,000
4,000	1,000	544,800	158,000
4,000	1,000	544,900	150,000
4,000	1,000	545,000	155,000
4,000	1,000	545,100	139,000
4,000	1,000	545,200	165,000
4,000	1,000	545,300	165,000
4,000	1,000	545,400	144,000
4,000	1,000	545,500	141,000
4,000	1,000	545,600	150,000
4,000	1,000	545,700	141,000
4,000	1,000	545,800	156,000
4,000	1,000	545,900	137,000
4,000	1,000	546,000	136,000
4,000	1,000	546,100	128,000
4,000	1,000	546,200	143,000
4,000	1,000	546,300	147,000
4,000	1,000	546,400	135,000
4,000	1,000	546,500	124,000
4,000	1,000	546,600	173,000
4,000	1,000	546,700	144,000
4,000	1,000	546,800	138,000
4,000	1,000	546,900	141,000
4,000	1,000	547,000	124,000
4,000	1,000	547,100	148,000
4,000	1,000	547,200	132,000
4,000	1,000	547,300	103,000
4,000	1,000	547,400	126,000
4,000	1,000	547,500	144,000
4,000	1,000	547,600	140,000
4,000	1,000	547,700	137,000
4,000	1,000	547,800	136,000
4,000	1,000	547,900	125,000
4,000	1,000	548,000	128,000
4,000	1,000	548,100	136,000
4,000	1,000	548,200	132,000
4,000	1,000	548,300	140,000
4,000	1,000	548,400	141,000
4,000	1,000	548,500	119,000
4,000	1,000	548,600	137,000
4,000	1,000	548,700	114,000
4,000	1,000	548,800	131,000
4,000	1,000	548,900	127,000
4,000	1,000	549,000	123,000
4,000	1,000	549,100	119,000
4,000	1,000	549,200	139,000
4,000	1,000	549,300	132,000
4,000	1,000	549,400	117,000
4,000	1,000	549,500	110,000
4,000	1,000	549,600	110,000
4,000	1,000	549,700	115,000
4,000	1,000	549,800	126,000
4,000	1,000	549,900	115,000
4,000	1,000	550,000	140,000
4,000	1,000	550,100	119,000
4,000	1,000	550,200	122,000
4,000	1,000	550,300	125,000
4,000	1,000	550,400	124,000
4,000	1,000	550,500	99,000
4,000	1,000	550,600	129,000
4,000	1,000	550,700	143,000
4,000	1,000	550,800	129,000
4,000	1,000	550,900	112,000
4,000	1,000	551,000	125,000
4,000	1,000	551,100	131,000
4,000	1,000	551,200	115,000
4,000	1,000	551,300	129,000
4,000	1,000	551,400	132,000
4,000	1,000	551,500	146,000
4,000	1,000	551,600	108,000
4,000	1,000	551,700	128,000
4,000	1,000	551,800	108,000
4,000	1,000	551,900	124,000
4,000	1,000	552,000	139,000
4,000	1,000	552,100	142,000
4,000	1,000	552,200	138,000
4,000	1,000	552,300	100,000
4,000	1,000	552,400	135,000
4,000	1,000	552,500	124,000
4,000	1,000	552,600	104,000
4,000	1,000	552,700	115,000
4,000	1,000	552,800	107,000
4,000	1,000	552,900	129,000
4,000	1,000	553,000	108,000
4,000	1,000	553,100	116,000
4,000	1,000	553,200	123,000
4,000	1,000	553,300	110,000
4,000	1,000	553,400	104,000
4,000	1,000	553,500	124,000
4,000	1,000	553,600	106,000
4,000	1,000	553,700	125,000
4,000	1,000	553,800	111,000
4,000	1,000	553,900	112,000
4,000	1,000	554,000	141,000
4,000	1,000	554,100	123,000
4,000	1,000	554,200	118,000
4,000	1,000	554,300	105,000
4,000	1,000	554,400	102,000
4,000	1,000	554,500	116,000
4,000	1,000	554,600	112,000
4,000	1,000	554,700	120,000
4,000	1,000	554,800	102,000
4,000	1,000	554,900	127,000
4,000	1,000	555,000	103,000
4,000	1,000	555,100	117,000
4,000	1,000	555,200	112,000
4,000	1,000	555,300	132,000
4,000	1,000	555,400	146,000
4,000	1,000	555,500	107,000
4,000	1,000	555,600	131,000
4,000	1,000	555,700	122,000
4,000	1,000	555,800	125,000
4,000	1,000	555,900	125,000
4,000	1,000	556,000	123,000
4,000	1,000	556,100	117,000
4,000	1,000	556,200	138,000
4,000	1,000	556,300	116,000
4,000	1,000	556,400	141,000
4,000	1,000	556,500	111,000
4,000	1,000	556,600	108,000
4,000	1,000	556,700	128,000
4,000	1,000	556,800	111,000
4,000	1,000	556,900	118,000
4,000	1,000	557,000	108,000
4,000	1,000	557,100	121,000
4,000	1,000	557,200	129,000
4,000	1,000	557,300	131,000
4,000	1,000	557,400	126,000
4,000	1,000	557,500	116,000
4,000	1,000	557,600	135,000
4,000	1,000	557,700	134,000
4,000	1,000	557,800	145,000
4,000	1,000	557,900	122,000
4,000	1,000	558,000	110,000
4,000	1,000	558,100	135,000
4,000	1,000	558,200	126,000
4,000	1,000	558,300	139,000
4,000	1,000	558,400	122,000
4,000	1,000	558,500	116,000
4,000	1,000	558,600	128,000
4,000	1,000	558,700	129,000
4,000	1,000	558,800	149,000
4,000	1,000	558,900	116,000
4,000	1,000	559,000	125,000
4,000	1,000	559,100	141,000
4,000	1,000	559,200	122,000
4,000	1,000	559,300	144,000
4,000	1,000	559,400	119,000
4,000	1,000	559,500	119,000
4,000	1,000	559,600	134,000
4,000	1,000	559,700	137,000
4,000	1,000	559,800	142,000
4,000	1,000	559,900	121,000
4,000	1,000	560,000	136,000
4,000	1,000	560,100	131,000
4,000	1,000	560,200	128,000
4,000	1,000	560,300	136,000
4,000	1,000	560,400	141,000
4,000	1,000	560,500	145,000
4,000	1,000	560,600	127,000
4,000	1,000	560,700	127,000
4,000	1,000	560,800	121,000
4,000	1,000	560,900	137,000
4,000	1,000	561,000	135,000
4,000	1,000	561,100	147,000
4,000	1,000	561,200	135,000
4,000	1,000	561,300	129,000
4,000	1,000	561,400	109,000
4,000	1,000	561,500	128,000
4,000	1,000	561,600	135,000
4,000	1,000	561,700	92,000
4,000	1,000	561,800	117,000
4,000	1,000	561,900	128,000
4,000	1,000	562,000	121,000
4,000	1,000	562,100	126,000
4,000	1,000	562,200	106,000
4,000	1,000	562,300	138,000
4,000	1,000	562,400	119,000
4,000	1,000	562,500	133,000
4,000	1,000	562,600	105,000
4,000	1,000	562,700	140,000
4,000	1,000	562,800	122,000
4,000	1,000	562,900	114,000
4,000	1,000	563,000	126,000
4,000	1,000	563,100	109,000
4,000	1,000	563,200	123,000
4,000	1,000	563,300	109,000
4,000	1,000	563,400	96,000
4,000	1,000	563,500	117,000
4,000	1,000	563,600	120,000
4,000	1,000	563,700	125,000
4,000	1,000	563,800	128,000
4,000	1,000	563,900	102,000
4,000	1,000	564,000	118,000
4,000	1,000	564,100	113,000
4,000	1,000	564,200	127,000
4,000	1,000	564,300	118,000
4,000	1,000	564,400	106,000
4,000	1,000	564,500	134,000
4,000	1,000	564,600	142,000
4,000	1,000	564,700	142,000
4,000	1,000	564,800	130,000
4,000	1,000	564,900	111,000
4,000	1,000	565,000	119,000
4,000	1,000	565,100	100,000
4,000	1,000	565,200	115,000
4,000	1,000	565,300	126,000
4,000	1,000	565,400	119,000
4,000	1,000	565,500	108,000
4,000	1,000	565,600	126,000
4,000	1,000	565,700	110,000
4,000	1,000	565,800	120,000
4,000	1,000	565,900	119,000
4,000	1,000	566,000	116,000
4,000	1,000	566,100	127,000
4,000	1,000	566,200	124,000
4,000	1,000	566,300	132,000
4,000	1,000	566,400	122,000
4,000	1,000	566,500	114,000
4,000	1,000	566,600	121,000
4,000	1,000	566,700	116,000
4,000	1,000	566,800	115,000
4,000	1,000	566,900	122,000
4,000	1,000	567,000	125,000
4,000	1,000	567,100	126,000
4,000	1,000	567,200	123,000
4,000	1,000	567,300	108,000
4,000	1,000	567,400	114,000
4,000	1,000	567,500	123,000
4,000	1,000	567,600	103,000
4,000	1,000	567,700	118,000
4,000	1,000	567,800	110,000
4,000	1,000	567,900	120,000
4,000	1,000	568,000	122,000
4,000	1,000	568,100	113,000
4,000	1,000	568,200	107,000
4,000	1,000	568,300	118,000
4,000	1,000	568,400	127,000
4,000	1,000	568,500	133,000
4,000	1,000	568,600	104,000
4,000	1,000	568,700	114,000
4,000	1,000	568,800	114,000
4,000	1,000	568,900	116,000
4,000	1,000	569,000	111,000
4,000	1,000	569,100	113,000
4,000	1,000	569,200	110,000
4,000	1,000	569,300	97,000
4,000	1,000	569,400	114,000
4,000	1,000	569,500	115,000
4,000	1,000	569,600	130,000
4,000	1,000	569,700	104,000
4,000	1,000	569,800	120,000
4,000	1,000	569,900	115,000
4,000	1,000	570,000	124,000
4,000	1,000	570,100	113,000
4,000	1,000	570,200	117,000
4,000	1,000	570,300	102,000
4,000	1,000	570,400	128,000
4,000	1,000	570,500	103,000
4,000	1,000	570,600	131,000
4,000	1,000	570,700	124,000
4,000	1,000	570,800	117,000
4,000	1,000	570,900	114,000
4,000	1,000	571,000	115,000
4,000	1,000	571,100	127,000
4,000	1,000	571,200	108,000
4,000	1,000	571,300	126,000
4,000	1,000	571,400	112,000
4,000	1,000	571,500	126,000
4,000	1,000	571,600	115,000
4,000	1,000	571,700	109,000
4,000	1,000	571,800	125,000
4,000	1,000	571,900	108,000
4,000	1,000	572,000	124,000
4,000	1,000	572,100	120,000
4,000	1,000	572,200	120,000
4,000	1,000	572,300	100,000
4,000	1,000	572,400	101,000
4,000	1,000	572,500	115,000
4,000	1,000	572,600	129,000
4,000	1,000	572,700	139,000
4,000	1,000	572,800	119,000
4,000	1,000	572,900	129,000
4,000	1,000	573,000	125,000
4,000	1,000	573,100	110,000
4,000	1,000	573,200	122,000
4,000	1,000	573,300	123,000
4,000	1,000	573,400	135,000
4,000	1,000	573,500	115,000
4,000	1,000	573,600	111,000
4,000	1,000	573,700	109,000
4,000	1,000	573,800	132,000
4,000	1,000	573,900	125,000
4,000	1,000	574,000	124,000
4,000	1,000	574,100	123,000
4,000	1,000	574,200	134,000
4,000	1,000	574,300	115,000
4,000	1,000	574,400	122,000
4,000	1,000	574,500	131,000
4,000	1,000	574,600	132,000
4,000	1,000	574,700	123,000
4,000	1,000	574,800	133,000
4,000	1,000	574,900	123,000
4,000	1,000	575,000	108,000
4,000	1,000	575,100	135,000
4,000	1,000	575,200	128,000
4,000	1,000	575,300	132,000
4,000	1,000	575,400	127,000
4,000	1,000	575,500	124,000
4,000	1,000	575,600	113,000
4,000	1,000	575,700	141,000
4,000	1,000	575,800	133,000
4,000	1,000	575,900	124,000
4,000	1,000	576,000	99,000
4,000	1,000	576,100	95,000
4,000	1,000	576,200	121,000
4,000	1,000	576,300	128,000
4,000	1,000	576,400	121,000
4,000	1,000	576,500	121,000
4,000	1,000	576,600	119,000
4,000	1,000	576,700	104,000
4,000	1,000	576,800	142,000
4,000	1,000	576,900	131,000
4,000	1,000	577,000	124,000
4,000	1,000	577,100	127,000
4,000	1,000	577,200	107,000
4,000	1,000	577,300	131,000
4,000	1,000	577,400	132,000
4,000	1,000	577,500	138,000
4,000	1,000	577,600	115,000
4,000	1,000	577,700	119,000
4,000	1,000	577,800	139,000
4,000	1,000	577,900	118,000
4,000	1,000	578,000	140,000
4,000	1,000	578,100	100,000
4,000	1,000	578,200	136,000
4,000	1,000	578,300	123,000
4,000	1,000	578,400	155,000
4,000	1,000	578,500	118,000
4,000	1,000	578,600	131,000
4,000	1,000	578,700	127,000
4,000	1,000	578,800	137,000
4,000	1,000	578,900	141,000
4,000	1,000	579,000	166,000
4,000	1,000	579,100	173,000
4,000	1,000	579,200	155,000
4,000	1,000	579,300	169,000
4,000	1,000	579,400	163,000
4,000	1,000	579,500	194,000
4,000	1,000	579,600	170,000
4,000	1,000	579,700	206,000
4,000	1,000	579,800	210,000
4,000	1,000	579,900	216,000
4,000	1,000	580,000	231,000
4,000	1,000	580,100	211,000
4,000	1,000	580,200	242,000
4,000	1,000	580,300	243,000
4,000	1,000	580,400	239,000
4,000	1,000	580,500	246,000
4,000	1,000	580,600	265,000
4,000	1,000	580,700	296,000
4,000	1,000	580,800	257,000
4,000	1,000	580,900	250,000
4,000	1,000	581,000	290,000
4,000	1,000	581,100	256,000
4,000	1,000	581,200	221,000
4,000	1,000	581,300	241,000
4,000	1,000	581,400	254,000
4,000	1,000	581,500	217,000
4,000	1,000	581,600	231,000
4,000	1,000	581,700	227,000
4,000	1,000	581,800	216,000
4,000	1,000	581,900	207,000
4,000	1,000	582,000	202,000
4,000	1,000	582,100	178,000
4,000	1,000	582,200	185,000
4,000	1,000	582,300	185,000
4,000	1,000	582,400	171,000
4,000	1,000	582,500	155,000
4,000	1,000	582,600	152,000
4,000	1,000	582,700	158,000
4,000	1,000	582,800	147,000
4,000	1,000	582,900	149,000
4,000	1,000	583,000	136,000
4,000	1,000	583,100	136,000
4,000	1,000	583,200	139,000
4,000	1,000	583,300	117,000
4,000	1,000	583,400	133,000
4,000	1,000	583,500	112,000
4,000	1,000	583,600	123,000
4,000	1,000	583,700	148,000
4,000	1,000	583,800	124,000
4,000	1,000	583,900	136,000
4,000	1,000	584,000	155,000
4,000	1,000	584,100	135,000
4,000	1,000	584,200	122,000
4,000	1,000	584,300	127,000
4,000	1,000	584,400	107,000
4,000	1,000	584,500	122,000
4,000	1,000	584,600	123,000
4,000	1,000	584,700	129,000
4,000	1,000	584,800	122,000
4,000	1,000	584,900	113,000
4,000	1,000	585,000	127,000
4,000	1,000	585,100	123,000
4,000	1,000	585,200	116,000
4,000	1,000	585,300	129,000
4,000	1,000	585,400	123,000
4,000	1,000	585,500	117,000
4,000	1,000	585,600	116,000
4,000	1,000	585,700	120,000
4,000	1,000	585,800	116,000
4,000	1,000	585,900	108,000
4,000	1,000	586,000	124,000
4,000	1,000	586,100	116,000
4,000	1,000	586,200	109,000
4,000	1,000	586,300	128,000
4,000	1,000	586,400	112,000
4,000	1,000	586,500	105,000
4,000	1,000	586,600	91,000
4,000	1,000	586,700	112,000
4,000	1,000	586,800	107,000
4,000	1,000	586,900	133,000
4,000	1,000	587,000	113,000
4,000	1,000	587,100	119,000
4,000	1,000	587,200	102,000
4,000	1,000	587,300	109,000
4,000	1,000	587,400	128,000
4,000	1,000	587,500	107,000
4,000	1,000	587,600	113,000
4,000	1,000	587,700	121,000
4,000	1,000	587,800	110,000
4,000	1,000	587,900	110,000
4,000	1,000	588,000	114,000
4,000	1,000	588,100	121,000
4,000	1,000	588,200	114,000
4,000	1,000	588,300	98,000
4,000	1,000	588,400	107,000
4,000	1,000	588,500	123,000
4,000	1,000	588,600	108,000
4,000	1,000	588,700	108,000
4,000	1,000	588,800	127,000
4,000	1,000	588,900	107,000
4,000	1,000	589,000	129,000
4,000	1,000	589,100	117,000
4,000	1,000	589,200	118,000
4,000	1,000	589,300	131,000
4,000	1,000	589,400	90,000
4,000	1,000	589,500	124,000
4,000	1,000	589,600	117,000
4,000	1,000	589,700	111,000
4,000	1,000	589,800	120,000
4,000	1,000	589,900	98,000
4,000	1,000	590,000	128,000
4,000	1,000	590,100	122,000
4,000	1,000	590,200	106,000
4,000	1,000	590,300	104,000
4,000	1,000	590,400	105,000
4,000	1,000	590,500	109,000
4,000	1,000	590,600	110,000
4,000	1,000	590,700	131,000
4,000	1,000	590,800	97,000
4,000	1,000	590,900	123,000
4,000	1,000	591,000	118,000
4,000	1,000	591,100	122,000
4,000	1,000	591,200	111,000
4,000	1,000	591,300	123,000
4,000	1,000	591,400	137,000
4,000	1,000	591,500	100,000
4,000	1,000	591,600	116,000
4,000	1,000	591,700	93,000
4,000	1,000	591,800	142,000
4,000	1,000	591,900	98,000
4,000	1,000	592,000	107,000
4,000	1,000	592,100	130,000
4,000	1,000	592,200	111,000
4,000	1,000	592,300	138,000
4,000	1,000	592,400	115,000
4,000	1,000	592,500	111,000
4,000	1,000	592,600	124,000
4,000	1,000	592,700	113,000
4,000	1,000	592,800	111,000
4,000	1,000	592,900	113,000
4,000	1,000	593,000	116,000
4,000	1,000	593,100	117,000
4,000	1,000	593,200	120,000
4,000	1,000	593,300	105,000
4,000	1,000	593,400	117,000
4,000	1,000	593,500	105,000
4,000	1,000	593,600	89,000
4,000	1,000	593,700	101,000
4,000	1,000	593,800	110,000
4,000	1,000	593,900	114,000
4,000	1,000	594,000	113,000
4,000	1,000	594,100	99,000
4,000	1,000	594,200	131,000
4,000	1,000	594,300	130,000
4,000	1,000	594,400	107,000
4,000	1,000	594,500	108,000
4,000	1,000	594,600	118,000
4,000	1,000	594,700	119,000
4,000	1,000	594,800	109,000
4,000	1,000	594,900	123,000
4,000	1,000	595,000	108,000
4,000	1,000	595,100	93,000
4,000	1,000	595,200	109,000
4,000	1,000	595,300	115,000
4,000	1,000	595,400	97,000
4,000	1,000	595,500	118,000
4,000	1,000	595,600	114,000
4,000	1,000	595,700	103,000
4,000	1,000	595,800	121,000
4,000	1,000	595,900	120,000
4,000	1,000	596,000	113,000
4,000	1,000	596,100	111,000
4,000	1,000	596,200	111,000
4,000	1,000	596,300	119,000
4,000	1,000	596,400	114,000
4,000	1,000	596,500	121,000
4,000	1,000	596,600	121,000
4,000	1,000	596,700	124,000
4,000	1,000	596,800	106,000
4,000	1,000	596,900	121,000
4,000	1,000	597,000	104,000
4,000	1,000	597,100	118,000
4,000	1,000	597,200	112,000
4,000	1,000	597,300	116,000
4,000	1,000	597,400	116,000
4,000	1,000	597,500	105,000
4,000	1,000	597,600	102,000
4,000	1,000	597,700	115,000
4,000	1,000	597,800	104,000
4,000	1,000	597,900	124,000
4,000	1,000	598,000	113,000
4,000	1,000	598,100	103,000
4,000	1,000	598,200	112,000
4,000	1,000	598,300	87,000
4,000	1,000	598,400	120,000
4,000	1,000	598,500	95,000
4,000	1,000	598,600	115,000
4,000	1,000	598,700	95,000
4,000	1,000	598,800	99,000
4,000	1,000	598,900	103,000
4,000	1,000	599,000	99,000
4,000	1,000	599,100	104,000
4,000	1,000	599,200	95,000
4,000	1,000	599,300	106,000
4,000	1,000	599,400	100,000
4,000	1,000	599,500	96,000
4,000	1,000	599,600	93,000
4,000	1,000	599,700	101,000
4,000	1,000	599,800	125,000
4,000	1,000	599,900	111,000
4,000	1,000	600,000	96,000
5,000	1,000	535,100	1031,000
5,000	1,000	535,200	309,000
5,000	1,000	535,300	140,000
5,000	1,000	535,400	74,000
5,000	1,000	535,500	79,000
5,000	1,000	535,600	58,000
5,000	1,000	535,700	44,000
5,000	1,000	535,800	67,000
5,000	1,000	535,900	46,000
5,000	1,000	536,000	38,000
5,000	1,000	536,100	46,000
5,000	1,000	536,200	55,000
5,000	1,000	536,300	45,000
5,000	1,000	536,400	46,000
5,000	1,000	536,500	45,000
5,000	1,000	536,600	34,000
5,000	1,000	536,700	51,000
5,000	1,000	536,800	46,000
5,000	1,000	536,900	53,000
5,000	1,000	537,000	51,000
5,000	1,000	537,100	46,000
5,000	1,000	537,200	37,000
5,000	1,000	537,300	37,000
5,000	1,000	537,400	42,000
5,000	1,000	537,500	40,000
5,000	1,000	537,600	61,000
5,000	1,000	537,700	50,000
5,000	1,000	537,800	41,000
5,000	1,000	537,900	40,000
5,000	1,000	538,000	46,000
5,000	1,000	538,100	36,000
5,000	1,000	538,200	38,000
5,000	1,000	538,300	48,000
5,000	1,000	538,400	43,000
5,000	1,000	538,500	55,000
5,000	1,000	538,600	39,000
5,000	1,000	538,700	41,000
5,000	1,000	538,800	47,000
5,000	1,000	538,900	40,000
5,000	1,000	539,000	49,000
5,000	1,000	539,100	52,000
5,000	1,000	539,200	49,000
5,000	1,000	539,300	50,000
5,000	1,000	539,400	50,000
5,000	1,000	539,500	59,000
5,000	1,000	539,600	67,000
5,000	1,000	539,700	56,000
5,000	1,000	539,800	59,000
5,000	1,000	539,900	65,000
5,000	1,000	540,000	71,000
5,000	1,000	540,100	70,000
5,000	1,000	540,200	77,000
5,000	1,000	540,300	65,000
5,000	1,000	540,400	75,000
5,000	1,000	540,500	80,000
5,000	1,000	540,600	95,000
5,000	1,000	540,700	88,000
5,000	1,000	540,800	81,000
5,000	1,000	540,900	94,000
5,000	1,000	541,000	102,000
5,000	1,000	541,100	100,000
5,000	1,000	541,200	108,000
5,000	1,000	541,300	115,000
5,000	1,000	541,400	129,000
5,000	1,000	541,500	129,000
5,000	1,000	541,600	128,000
5,000	1,000	541,700	122,000
5,000	1,000	541,800	105,000
5,000	1,000	541,900	122,000
5,000	1,000	542,000	113,000
5,000	1,000	542,100	126,000
5,000	1,000	542,200	132,000
5,000	1,000	542,300	138,000
5,000	1,000	542,400	144,000
5,000	1,000	542,500	129,000
5,000	1,000	542,600	144,000
5,000	1,000	542,700	130,000
5,000	1,000	542,800	137,000
5,000	1,000	542,900	127,000
5,000	1,000	543,000	127,000
5,000	1,000	543,100	146,000
5,000	1,000	543,200	133,000
5,000	1,000	543,300	127,000
5,000	1,000	543,400	110,000
5,000	1,000	543,500	150,000
5,000	1,000	543,600	127,000
5,000	1,000	543,700	146,000
5,000	1,000	543,800	119,000
5,000	1,000	543,900	144,000
5,000	1,000	544,000	169,000
5,000	1,000	544,100	155,000
5,000	1,000	544,200	132,000
5,000	1,000	544,300	150,000
5,000	1,000	544,400	140,000
5,000	1,000	544,500	144,000
5,000	1,000	544,600	178,000
5,000	1,000	544,700	150,000
5,000	1,000	544,800	149,000
5,000	1,000	544,900	138,000
5,000	1,000	545,000	133,000
5,000	1,000	545,100	153,000
5,000	1,000	545,200	137,000
5,000	1,000	545,300	127,000
5,000	1,000	545,400	138,000
5,000	1,000	545,500	142,000
5,000	1,000	545,600	162,000
5,000	1,000	545,700	152,000
5,000	1,000	545,800	138,000
5,000	1,000	545,900	137,000
5,000	1,000	546,000	141,000
5,000	1,000	546,100	131,000
5,000	1,000	546,200	146,000
5,000	1,000	546,300	140,000
5,000	1,000	546,400	133,000
5,000	1,000	546,500	145,000
5,000	1,000	546,600	141,000
5,000	1,000	546,700	143,000
5,000	1,000	546,800	137,000
5,000	1,000	546,900	124,000
5,000	1,000	547,000	127,000
5,000	1,000	547,100	148,000
5,000	1,000	547,200	156,000
5,000	1,000	547,300	137,000
5,000	1,000	547,400	125,000
5,000	1,000	547,500	128,000
5,000	1,000	547,600	120,000
5,000	1,000	547,700	127,000
5,000	1,000	547,800	142,000
5,000	1,000	547,900	126,000
5,000	1,000	548,000	130,000
5,000	1,000	548,100	133,000
5,000	1,000	548,200	133,000
5,000	1,000	548,300	145,000
5,000	1,000	548,400	127,000
5,000	1,000	548,500	100,000
5,000	1,000	548,600	137,000
5,000	1,000	548,700	124,000
5,000	1,000	548,800	137,000
5,000	1,000	548,900	121,000
5,000	1,000	549,000	123,000
5,000	1,000	549,100	114,000
5,000	1,000	549,200	115,000
5,000	1,000	549,300	113,000
5,000	1,000	549,400	124,000
5,000	1,000	549,500	121,000
5,000	1,000	549,600	134,000
5,000	1,000	549,700	121,000
5,000	1,000	549,800	127,000
5,000	1,000	549,900	121,000
5,000	1,000	550,000	96,000
5,000	1,000	550,100	131,000
5,000	1,000	550,200	114,000
5,000	1,000	550,300	116,000
5,000	1,000	550,400	107,000
5,000	1,000	550,500	111,000
5,000	1,000	550,600	141,000
5,000	1,000	550,700	125,000
5,000	1,000	550,800	123,000
5,000	1,000	550,900	110,000
5,000	1,000	551,000	123,000
5,000	1,000	551,100	146,000
5,000	1,000	551,200	114,000
5,000	1,000	551,300	119,000
5,000	1,000	551,400	122,000
5,000	1,000	551,500	121,000
5,000	1,000	551,600	112,000
5,000	1,000	551,700	127,000
5,000	1,000	551,800	125,000
5,000	1,000	551,900	123,000
5,000	1,000	552,000	117,000
5,000	1,000	552,100	139,000
5,000	1,000	552,200	127,000
5,000	1,000	552,300	118,000
5,000	1,000	552,400	131,000
5,000	1,000	552,500	130,000
5,000	1,000	552,600	112,000
5,000	1,000	552,700	116,000
5,000	1,000	552,800	117,000
5,000	1,000	552,900	125,000
5,000	1,000	553,000	134,000
5,000	1,000	553,100	146,000
5,000	1,000	553,200	136,000
5,000	1,000	553,300	109,000
5,000	1,000	553,400	124,000
5,000	1,000	553,500	118,000
5,000	1,000	553,600	111,000
5,000	1,000	553,700	133,000
5,000	1,000	553,800	115,000
5,000	1,000	553,900	115,000
5,000	1,000	554,000	101,000
5,000	1,000	554,100	107,000
5,000	1,000	554,200	105,000
5,000	1,000	554,300	116,000
5,000	1,000	554,400	120,000
5,000	1,000	554,500	117,000
5,000	1,000	554,600	100,000
5,000	1,000	554,700	97,000
5,000	1,000	554,800	124,000
5,000	1,000	554,900	130,000
5,000	1,000	555,000	116,000
5,000	1,000	555,100	115,000
5,000	1,000	555,200	122,000
5,000	1,000	555,300	117,000
5,000	1,000	555,400	99,000
5,000	1,000	555,500	136,000
5,000	1,000	555,600	120,000
5,000	1,000	555,700	131,000
5,000	1,000	555,800	121,000
5,000	1,000	555,900	116,000
5,000	1,000	556,000	135,000
5,000	1,000	556,100	96,000
5,000	1,000	556,200	112,000
5,000	1,000	556,300	135,000
5,000	1,000	556,400	123,000
5,000	1,000	556,500	113,000
5,000	1,000	556,600	124,000
5,000	1,000	556,700	141,000
5,000	1,000	556,800	145,000
5,000	1,000	556,900	112,000
5,000	1,000	557,000	115,000
5,000	1,000	557,100	114,000
5,000	1,000	557,200	125,000
5,000	1,000	557,300	137,000
5,000	1,000	557,400	129,000
5,000	1,000	557,500	136,000
5,000	1,000	557,600	124,000
5,000	1,000	557,700	117,000
5,000	1,000	557,800	122,000
5,000	1,000	557,900	129,000
5,000	1,000	558,000	111,000
5,000	1,000	558,100	135,000
5,000	1,000	558,200	101,000
5,000	1,000	558,300	123,000
5,000	1,000	558,400	121,000
5,000	1,000	558,500	100,000
5,000	1,000	558,600	124,000
5,000	1,000	558,700	134,000
5,000	1,000	558,800	138,000
5,000	1,000	558,900	116,000
5,000	1,000	559,000	133,000
5,000	1,000	559,100	140,000
5,000	1,000	559,200	108,000
5,000	1,000	559,300	116,000
5,000	1,000	559,400	144,000
5,000	1,000	559,500	114,000
5,000	1,000	559,600	137,000
5,000	1,000	559,700	146,000
5,000	1,000	559,800	123,000
5,000	1,000	559,900	127,000
5,000	1,000	560,000	111,000
5,000	1,000	560,100	120,000
5,000	1,000	560,200	132,000
5,000	1,000	560,300	123,000
5,000	1,000	560,400	158,000
5,000	1,000	560,500	121,000
5,000	1,000	560,600	116,000
5,000	1,000	560,700	143,000
5,000	1,000	560,800	125,000
5,000	1,000	560,900	144,000
5,000	1,000	561,000	134,000
5,000	1,000	561,100	138,000
5,000	1,000	561,200	125,000
5,000	1,000	561,300	140,000
5,000	1,000	561,400	127,000
5,000	1,000	561,500	137,000
5,000	1,000	561,600	125,000
5,000	1,000	561,700	116,000
5,000	1,000	561,800	134,000
5,000	1,000	561,900	121,000
5,000	1,000	562,000	136,000
5,000	1,000	562,100	148,000
5,000	1,000	562,200	104,000
5,000	1,000	562,300	122,000
5,000	1,000	562,400	111,000
5,000	1,000	562,500	135,000
5,000	1,000	562,600	114,000
5,000	1,000	562,700	115,000
5,000	1,000	562,800	111,000
5,000	1,000	562,900	113,000
5,000	1,000	563,000	126,000
5,000	1,000	563,100	126,000
5,000	1,000	563,200	117,000
5,000	1,000	563,300	118,000
5,000	1,000	563,400	122,000
5,000	1,000	563,500	124,000
5,000	1,000	563,600	132,000
5,000	1,000	563,700	116,000
5,000	1,000	563,800	126,000
5,000	1,000	563,900	147,000
5,000	1,000	564,000	132,000
5,000	1,000	564,100	124,000
5,000	1,000	564,200	91,000
5,000	1,000	564,300	127,000
5,000	1,000	564,400	128,000
5,000	1,000	564,500	114,000
5,000	1,000	564,600	127,000
5,000	1,000	564,700	117,000
5,000	1,000	564,800	116,000
5,000	1,000	564,900	141,000
5,000	1,000	565,000	103,000
5,000	1,000	565,100	116,000
5,000	1,000	565,200	119,000
5,000	1,000	565,300	129,000
5,000	1,000	565,400	148,000
5,000	1,000	565,500	116,000
5,000	1,000	565,600	119,000
5,000	1,000	565,700	115,000
5,000	1,000	565,800	119,000
5,000	1,000	565,900	137,000
5,000	1,000	566,000	116,000
5,000	1,000	566,100	129,000
5,000	1,000	566,200	112,000
5,000	1,000	566,300	117,000
5,000	1,000	566,400	127,000
5,000	1,000	566,500	118,000
5,000	1,000	566,600	117,000
5,000	1,000	566,700	131,000
5,000	1,000	566,800	135,000
5,000	1,000	566,900	116,000
5,000	1,000	567,000	125,000
5,000	1,000	567,100	133,000
5,000	1,000	567,200	121,000
5,000	1,000	567,300	122,000
5,000	1,000	567,400	124,000
5,000	1,000	567,500	124,000
5,000	1,000	567,600	118,000
5,000	1,000	567,700	102,000
5,000	1,000	567,800	109,000
5,000	1,000	567,900	109,000
5,000	1,000	568,000	120,000
5,000	1,000	568,100	116,000
5,000	1,000	568,200	113,000
5,000	1,000	568,300	111,000
5,000	1,000	568,400	122,000
5,000	1,000	568,500	153,000
5,000	1,000	568,600	101,000
5,000	1,000	568,700	141,000
5,000	1,000	568,800	135,000
5,000	1,000	568,900	129,000
5,000	1,000	569,000	107,000
5,000	1,000	569,100	136,000
5,000	1,000	569,200	108,000
5,000	1,000	569,300	126,000
5,000	1,000	569,400	135,000
5,000	1,000	569,500	114,000
5,000	1,000	569,600	123,000
5,000	1,000	569,700	116,000
5,000	1,000	569,800	116,000
5,000	1,000	569,900	126,000
5,000	1,000	570,000	134,000
5,000	1,000	570,100	125,000
5,000	1,000	570,200	113,000
5,000	1,000	570,300	119,000
5,000	1,000	570,400	128,000
5,000	1,000	570,500	127,000
5,000	1,000	570,600	129,000
5,000	1,000	570,700	104,000
5,000	1,000	570,800	110,000
5,000	1,000	570,900	106,000
5,000	1,000	571,000	127,000
5,000	1,000	571,100	132,000
5,000	1,000	571,200	129,000
5,000	1,000	571,300	125,000
5,000	1,000	571,400	107,000
5,000	1,000	571,500	122,000
5,000	1,000	571,600	113,000
5,000	1,000	571,700	126,000
5,000	1,000	571,800	132,000
5,000	1,000	571,900	104,000
5,000	1,000	572,000	109,000
5,000	1,000	572,100	121,000
5,000	1,000	572,200	116,000
5,000	1,000	572,300	116,000
5,000	1,000	572,400	112,000
5,000	1,000	572,500	132,000
5,000	1,000	572,600	107,000
5,000	1,000	572,700	132,000
5,000	1,000	572,800	102,000
5,000	1,000	572,900	106,000
5,000	1,000	573,000	113,000
5,000	1,000	573,100	121,000
5,000	1,000	573,200	122,000
5,000	1,000	573,300	125,000
5,000	1,000	573,400	116,000
5,000	1,000	573,500	122,000
5,000	1,000	573,600	126,000
5,000	1,000	573,700	120,000
5,000	1,000	573,800	123,000
5,000	1,000	573,900	117,000
5,000	1,000	574,000	116,000
5,000	1,000	574,100	113,000
5,000	1,000	574,200	118,000
5,000	1,000	574,300	128,000
5,000	1,000	574,400	124,000
5,000	1,000	574,500	118,000
5,000	1,000	574,600	111,000
5,000	1,000	574,700	139,000
5,000	1,000	574,800	110,000
5,000	1,000	574,900	140,000
5,000	1,000	575,000	104,000
5,000	1,000	575,100	106,000
5,000	1,000	575,200	117,000
5,000	1,000	575,300	128,000
5,000	1,000	575,400	124,000
5,000	1,000	575,500	122,000
5,000	1,000	575,600	133,000
5,000	1,000	575,700	131,000
5,000	1,000	575,800	121,000
5,000	1,000	575,900	122,000
5,000	1,000	576,000	137,000
5,000	1,000	576,100	104,000
5,000	1,000	576,200	129,000
5,000	1,000	576,300	120,000
5,000	1,000	576,400	104,000
5,000	1,000	576,500	123,000
5,000	1,000	576,600	126,000
5,000	1,000	576,700	119,000
5,000	1,000	576,800	131,000
5,000	1,000	576,900	134,000
5,000	1,000	577,000	138,000
5,000	1,000	577,100	112,000
5,000	1,000	577,200	116,000
5,000	1,000	577,300	118,000
5,000	1,000	577,400	122,000
5,000	1,000	577,500	136,000
5,000	1,000	577,600	133,000
5,000	1,000	577,700	139,000
5,000	1,000	577,800	132,000
5,000	1,000	577,900	138,000
5,000	1,000	578,000	143,000
5,000	1,000	578,100	120,000
5,000	1,000	578,200	132,000
5,000	1,000	578,300	143,000
5,000	1,000	578,400	130,000
5,000	1,000	578,500	151,000
5,000	1,000	578,600	114,000
5,000	1,000	578,700	144,000
5,000	1,000	578,800	161,000
5,000	1,000	578,900	162,000
5,000	1,000	579,000	145,000
5,000	1,000	579,100	152,000
5,000	1,000	579,200	163,000
5,000	1,000	579,300	149,000
5,000	1,000	579,400	165,000
5,000	1,000	579,500	209,000
5,000	1,000	579,600	209,000
5,000	1,000	579,700	208,000
5,000	1,000	579,800	178,000
5,000	1,000	579,900	240,000
5,000	1,000	580,000	220,000
5,000	1,000	580,100	232,000
5,000	1,000	580,200	221,000
5,000	1,000	580,300	249,000
5,000	1,000	580,400	236,000
5,000	1,000	580,500	255,000
5,000	1,000	580,600	245,000
5,000	1,000	580,700	250,000
5,000	1,000	580,800	274,000
5,000	1,000	580,900	280,000
5,000	1,000	581,000	256,000
5,000	1,000	581,100	254,000
5,000	1,000	581,200	246,000
5,000	1,000	581,300	266,000
5,000	1,000	581,400	212,000
5,000	1,000	581,500	229,000
5,000	1,000	581,600	230,000
5,000	1,000	581,700	185,000
5,000	1,000	581,800	199,000
5,000	1,000	581,900	218,000
5,000	1,000	582,000	203,000
5,000	1,000	582,100	166,000
5,000	1,000	582,200	160,000
5,000	1,000	582,300	205,000
5,000	1,000	582,400	163,000
5,000	1,000	582,500	183,000
5,000	1,000	582,600	150,000
5,000	1,000	582,700	155,000
5,000	1,000	582,800	129,000
5,000	1,000	582,900	133,000
5,000	1,000	583,000	133,000
5,000	1,000	583,100	136,000
5,000	1,000	583,200	115,000
5,000	1,000	583,300	124,000
5,000	1,000	583,400	117,000
5,000	1,000	583,500	132,000
5,000	1,000	583,600	120,000
5,000	1,000	583,700	131,000
5,000	1,000	583,800	158,000
5,000	1,000	583,900	132,000
5,000	1,000	584,000	127,000
5,000	1,000	584,100	143,000
5,000	1,000	584,200	127,000
5,000	1,000	584,300	114,000
5,000	1,000	584,400	121,000
5,000	1,000	584,500	120,000
5,000	1,000	584,600	119,000
5,000	1,000	584,700	110,000
5,000	1,000	584,800	115,000
5,000	1,000	584,900	125,000
5,000	1,000	585,000	112,000
5,000	1,000	585,100	118,000
5,000	1,000	585,200	117,000
5,000	1,000	585,300	106,000
5,000	1,000	585,400	100,000
5,000	1,000	585,500	111,000
5,000	1,000	585,600	116,000
5,000	1,000	585,700	99,000
5,000	1,000	585,800	111,000
5,000	1,000	585,900	105,000
5,000	1,000	586,000	132,000
5,000	1,000	586,100	115,000
5,000	1,000	586,200	132,000
5,000	1,000	586,300	109,000
5,000	1,000	586,400	111,000
5,000	1,000	586,500	117,000
5,000	1,000	586,600	122,000
5,000	1,000	586,700	121,000
5,000	1,000	586,800	113,000
5,000	1,000	586,900	101,000
5,000	1,000	587,000	122,000
5,000	1,000	587,100	125,000
5,000	1,000	587,200	102,000
5,000	1,000	587,300	100,000
5,000	1,000	587,400	109,000
5,000	1,000	587,500	117,000
5,000	1,000	587,600	124,000
5,000	1,000	587,700	94,000
5,000	1,000	587,800	129,000
5,000	1,000	587,900	91,000
5,000	1,000	588,000	99,000
5,000	1,000	588,100	103,000
5,000	1,000	588,200	111,000
5,000	1,000	588,300	116,000
5,000	1,000	588,400	102,000
5,000	1,000	588,500	113,000
5,000	1,000	588,600	128,000
5,000	1,000	588,700	106,000
5,000	1,000	588,800	107,000
5,000	1,000	588,900	104,000
5,000	1,000	589,000	132,000
5,000	1,000	589,100	106,000
5,000	1,000	589,200	123,000
5,000	1,000	589,300	103,000
5,000	1,000	589,400	129,000
5,000	1,000	589,500	102,000
5,000	1,000	589,600	116,000
5,000	1,000	589,700	113,000
5,000	1,000	589,800	116,000
5,000	1,000	589,900	107,000
5,000	1,000	590,000	123,000
5,000	1,000	590,100	128,000
5,000	1,000	590,200	130,000
5,000	1,000	590,300	118,000
5,000	1,000	590,400	113,000
5,000	1,000	590,500	114,000
5,000	1,000	590,600	135,000
5,000	1,000	590,700	96,000
5,000	1,000	590,800	124,000
5,000	1,000	590,900	125,000
5,000	1,000	591,000	103,000
5,000	1,000	591,100	105,000
5,000	1,000	591,200	93,000
5,000	1,000	591,300	93,000
5,000	1,000	591,400	103,000
5,000	1,000	591,500	116,000
5,000	1,000	591,600	118,000
5,000	1,000	591,700	111,000
5,000	1,000	591,800	133,000
5,000	1,000	591,900	133,000
5,000	1,000	592,000	123,000
5,000	1,000	592,100	115,000
5,000	1,000	592,200	114,000
5,000	1,000	592,300	115,000
5,000	1,000	592,400	113,000
5,000	1,000	592,500	110,000
5,000	1,000	592,600	124,000
5,000	1,000	592,700	92,000
5,000	1,000	592,800	112,000
5,000	1,000	592,900	97,000
5,000	1,000	593,000	119,000
5,000	1,000	593,100	126,000
5,000	1,000	593,200	110,000
5,000	1,000	593,300	87,000
5,000	1,000	593,400	101,000
5,000	1,000	593,500	92,000
5,000	1,000	593,600	103,000
5,000	1,000	593,700	124,000
5,000	1,000	593,800	98,000
5,000	1,000	593,900	127,000
5,000	1,000	594,000	112,000
5,000	1,000	594,100	113,000
5,000	1,000	594,200	113,000
5,000	1,000	594,300	121,000
5,000	1,000	594,400	130,000
5,000	1,000	594,500	124,000
5,000	1,000	594,600	96,000
5,000	1,000	594,700	93,000
5,000	1,000	594,800	112,000
5,000	1,000	594,900	106,000
5,000	1,000	595,000	117,000
5,000	1,000	595,100	124,000
5,000	1,000	595,200	121,000
5,000	1,000	595,300	133,000
5,000	1,000	595,400	101,000
5,000	1,000	595,500	120,000
5,000	1,000	595,600	115,000
5,000	1,000	595,700	109,000
5,000	1,000	595,800	103,000
5,000	1,000	595,900	117,000
5,000	1,000	596,000	126,000
5,000	1,000	596,100	88,000
5,000	1,000	596,200	113,000
5,000	1,000	596,300	107,000
5,000	1,000	596,400	103,000
5,000	1,000	596,500	106,000
5,000	1,000	596,600	91,000
5,000	1,000	596,700	124,000
5,000	1,000	596,800	119,000
5,000	1,000	596,900	128,000
5,000	1,000	597,000	111,000
5,000	1,000	597,100	119,000
5,000	1,000	597,200	126,000
5,000	1,000	597,300	107,000
5,000	1,000	597,400	121,000
5,000	1,000	597,500	115,000
5,000	1,000	597,600	100,000
5,000	1,000	597,700	94,000
5,000	1,000	597,800	100,000
5,000	1,000	597,900	86,000
5,000	1,000	598,000	94,000
5,000	1,000	598,100	91,000
5,000	1,000	598,200	90,000
5,000	1,000	598,300	115,000
5,000	1,000	598,400	119,000
5,000	1,000	598,500	106,000
5,000	1,000	598,600	102,000
5,000	1,000	598,700	108,000
5,000	1,000	598,800	97,000
5,000	1,000	598,900	89,000
5,000	1,000	599,000	121,000
5,000	1,000	599,100	111,000
5,000	1,000	599,200	108,000
5,000	1,000	599,300	102,000
5,000	1,000	599,400	84,000
5,000	1,000	599,500	109,000
5,000	1,000	599,600	106,000
5,000	1,000	599,700	103,000
5,000	1,000	599,800	100,000
5,000	1,000	599,900	114,000
5,000	1,000	600,000	105,000
6,000	1,000	535,100	1026,000
6,000	1,000	535,200	310,000
6,000	1,000	535,300	139,000
6,000	1,000	535,400	79,000
6,000	1,000	535,500	68,000
6,000	1,000	535,600	62,000
6,000	1,000	535,700	43,000
6,000	1,000	535,800	40,000
6,000	1,000	535,900	51,000
6,000	1,000	536,000	48,000
6,000	1,000	536,100	53,000
6,000	1,000	536,200	39,000
6,000	1,000	536,300	36,000
6,000	1,000	536,400	35,000
6,000	1,000	536,500	47,000
6,000	1,000	536,600	38,000
6,000	1,000	536,700	43,000
6,000	1,000	536,800	38,000
6,000	1,000	536,900	43,000
6,000	1,000	537,000	34,000
6,000	1,000	537,100	41,000
6,000	1,000	537,200	42,000
6,000	1,000	537,300	49,000
