500
2,000	0,000
4,000	0,000
6,000	0,000
8,000	0,000
10,000	0,000
12,000	0,000
14,000	0,011
16,000	0,005
18,000	0,014
20,000	0,006
22,000	0,011
24,000	0,009
26,000	0,007
28,000	0,006
30,000	0,011
32,000	0,009
34,000	0,005
36,000	0,006
38,000	0,014
40,000	0,011
42,000	0,007
44,000	0,004
46,000	0,011
48,000	0,008
50,000	0,007
52,000	0,010
54,000	0,001
56,000	0,005
58,000	0,006
60,000	0,007
62,000	0,007
64,000	0,008
66,000	0,009
68,000	0,006
70,000	0,009
72,000	0,007
74,000	0,008
76,000	0,009
78,000	0,007
80,000	0,009
82,000	0,005
84,000	0,006
86,000	0,006
88,000	0,006
90,000	0,002
92,000	0,009
94,000	0,009
96,000	0,006
98,000	0,005
100,000	0,007
102,000	0,001
104,000	0,007
106,000	0,009
108,000	0,006
110,000	0,008
112,000	0,013
114,000	0,013
116,000	0,010
118,000	0,010
120,000	0,007
122,000	0,007
124,000	0,006
126,000	0,008
128,000	0,006
130,000	0,006
132,000	0,009
134,000	0,007
136,000	0,012
138,000	0,009
140,000	0,009
142,000	0,006
144,000	0,010
146,000	0,012
148,000	0,013
150,000	0,006
152,000	0,009
154,000	0,013
156,000	0,013
158,000	0,010
160,000	0,005
162,000	0,009
164,000	0,010
166,000	0,009
168,000	0,007
170,000	0,011
172,000	0,004
174,000	0,006
176,000	0,004
178,000	0,008
180,000	0,012
182,000	0,005
184,000	0,010
186,000	0,008
188,000	0,010
190,000	0,011
192,000	0,010
194,000	0,002
196,000	0,008
198,000	0,009
200,000	0,004
202,000	0,008
204,000	0,009
206,000	0,012
208,000	0,011
210,000	0,012
212,000	0,012
214,000	0,005
216,000	0,010
218,000	0,012
220,000	0,012
222,000	0,009
224,000	0,004
226,000	0,006
228,000	0,013
230,000	0,013
232,000	0,013
234,000	0,013
236,000	0,007
238,000	0,016
240,000	0,011
242,000	0,015
244,000	0,013
246,000	0,009
248,000	0,012
250,000	0,010
252,000	0,015
254,000	0,012
256,000	0,008
258,000	0,014
260,000	0,012
262,000	0,016
264,000	0,012
266,000	0,018
268,000	0,012
270,000	0,009
272,000	0,011
274,000	0,011
276,000	0,012
278,000	0,015
280,000	0,019
282,000	0,013
284,000	0,012
286,000	0,020
288,000	0,011
290,000	0,016
292,000	0,012
294,000	0,018
296,000	0,019
298,000	0,021
300,000	0,023
302,000	0,025
304,000	0,021
306,000	0,026
308,000	0,023
310,000	0,033
312,000	0,031
314,000	0,032
316,000	0,034
318,000	0,042
320,000	0,051
322,000	0,056
324,000	0,063
326,000	0,076
328,000	0,098
330,000	0,089
332,000	0,080
334,000	0,080
336,000	0,064
338,000	0,067
340,000	0,066
342,000	0,055
344,000	0,049
346,000	0,041
348,000	0,045
350,000	0,030
352,000	0,017
354,000	0,018
356,000	0,018
358,000	0,015
360,000	0,013
362,000	0,012
364,000	0,012
366,000	0,007
368,000	0,002
370,000	0,002
372,000	0,004
374,000	0,006
376,000	0,008
378,000	0,010
380,000	0,007
382,000	0,003
384,000	0,002
386,000	0,004
388,000	0,002
390,000	0,009
392,000	0,009
394,000	0,010
396,000	0,011
398,000	0,015
400,000	0,015
402,000	0,011
404,000	0,013
406,000	0,018
408,000	0,023
410,000	0,024
412,000	0,031
414,000	0,030
416,000	0,037
418,000	0,048
420,000	0,063
422,000	0,062
424,000	0,082
426,000	0,095
428,000	0,097
430,000	0,092
432,000	0,085
434,000	0,081
436,000	0,074
438,000	0,070
440,000	0,066
442,000	0,064
444,000	0,057
446,000	0,051
448,000	0,039
450,000	0,036
452,000	0,035
454,000	0,032
456,000	0,032
458,000	0,031
460,000	0,021
462,000	0,024
464,000	0,023
466,000	0,017
468,000	0,015
470,000	0,018
472,000	0,019
474,000	0,016
476,000	0,012
478,000	0,015
480,000	0,014
482,000	0,015
484,000	0,012
486,000	0,007
488,000	0,010
490,000	0,012
492,000	0,009
494,000	0,009
496,000	0,008
498,000	0,015
500,000	0,015
502,000	0,010
504,000	0,014
506,000	0,014
508,000	0,012
510,000	0,005
512,000	0,008
514,000	0,008
516,000	0,007
518,000	0,009
520,000	0,004
522,000	0,004
524,000	0,006
526,000	0,006
528,000	0,004
530,000	0,004
532,000	0,010
534,000	0,011
536,000	0,010
538,000	0,011
540,000	0,008
542,000	0,004
544,000	0,009
546,000	0,012
548,000	0,011
550,000	0,012
552,000	0,008
554,000	0,005
556,000	0,009
558,000	0,009
560,000	0,002
562,000	0,006
564,000	0,006
566,000	0,003
568,000	0,006
570,000	0,007
572,000	0,003
574,000	0,003
576,000	0,003
578,000	0,004
580,000	0,006
582,000	0,006
584,000	0,005
586,000	0,002
588,000	0,005
590,000	0,003
592,000	0,003
594,000	0,002
596,000	0,006
598,000	0,007
600,000	0,001
602,000	0,007
604,000	0,006
606,000	0,007
608,000	0,004
610,000	0,002
612,000	0,003
614,000	0,004
616,000	0,003
618,000	0,004
620,000	0,006
622,000	0,001
624,000	0,005
626,000	0,005
628,000	0,005
630,000	0,009
632,000	0,004
634,000	0,003
636,000	0,003
638,000	0,001
640,000	0,002
642,000	0,006
644,000	0,004
646,000	0,005
648,000	0,010
650,000	0,009
652,000	0,006
654,000	0,005
656,000	0,004
658,000	0,006
660,000	0,003
662,000	0,003
664,000	0,002
666,000	0,006
668,000	0,006
670,000	0,004
672,000	0,005
674,000	0,001
676,000	0,006
678,000	0,006
680,000	0,004
682,000	0,005
684,000	0,006
686,000	0,003
688,000	0,004
690,000	0,001
692,000	0,004
694,000	0,007
696,000	0,009
698,000	0,002
700,000	0,006
702,000	0,005
704,000	0,001
706,000	0,003
708,000	0,001
710,000	0,004
712,000	0,006
714,000	0,002
716,000	0,009
718,000	0,007
720,000	0,005
722,000	0,005
724,000	0,001
726,000	0,002
728,000	0,003
730,000	0,006
732,000	0,003
734,000	0,002
736,000	0,003
738,000	0,004
740,000	0,004
742,000	0,004
744,000	0,006
746,000	0,006
748,000	0,006
750,000	0,006
752,000	0,008
754,000	0,006
756,000	0,001
758,000	0,002
760,000	0,002
762,000	0,002
764,000	0,004
766,000	0,007
768,000	0,007
770,000	0,009
772,000	0,009
774,000	0,007
776,000	0,000
778,000	0,005
780,000	0,002
782,000	0,002
784,000	0,002
786,000	0,001
788,000	0,003
790,000	0,003
792,000	0,004
794,000	0,008
796,000	0,007
798,000	0,006
800,000	0,005
802,000	0,005
804,000	0,005
806,000	0,000
808,000	0,003
810,000	0,000
812,000	0,005
814,000	0,007
816,000	0,007
818,000	0,005
820,000	0,002
822,000	0,002
824,000	0,002
826,000	0,003
828,000	0,005
830,000	0,005
832,000	0,003
834,000	0,005
836,000	0,005
838,000	0,001
840,000	0,002
842,000	0,001
844,000	0,001
846,000	0,003
848,000	0,004
850,000	0,001
852,000	0,004
854,000	0,003
856,000	0,004
858,000	0,006
860,000	0,008
862,000	0,005
864,000	0,006
866,000	0,008
868,000	0,006
870,000	0,003
872,000	0,003
874,000	0,004
876,000	0,003
878,000	0,004
880,000	0,004
882,000	0,003
884,000	0,003
886,000	0,003
888,000	0,004
890,000	0,001
892,000	0,005
894,000	0,004
896,000	0,002
898,000	0,004
900,000	0,002
902,000	0,003
904,000	0,005
906,000	0,007
908,000	0,005
910,000	0,004
912,000	0,005
914,000	0,002
916,000	0,005
918,000	0,006
920,000	0,004
922,000	0,006
924,000	0,004
926,000	0,003
928,000	0,001
930,000	0,003
932,000	0,005
934,000	0,005
936,000	0,005
938,000	0,001
940,000	0,005
942,000	0,007
944,000	0,003
946,000	0,003
948,000	0,005
950,000	0,004
952,000	0,002
954,000	0,003
956,000	0,005
958,000	0,006
960,000	0,006
962,000	0,005
964,000	0,003
966,000	0,001
968,000	0,001
970,000	0,005
972,000	0,010
974,000	0,008
976,000	0,001
978,000	0,002
980,000	0,005
982,000	0,004
984,000	0,004
986,000	0,007
988,000	0,003
990,000	0,003
992,000	0,001
994,000	0,002
996,000	0,000
998,000	0,004
1000,000	0,003
