500
2,000	0,000
4,000	0,000
6,000	0,000
8,000	0,000
10,000	0,000
12,000	0,000
14,000	0,010
16,000	0,009
18,000	0,005
20,000	0,008
22,000	0,007
24,000	0,007
26,000	0,006
28,000	0,011
30,000	0,005
32,000	0,007
34,000	0,006
36,000	0,011
38,000	0,009
40,000	0,010
42,000	0,010
44,000	0,011
46,000	0,008
48,000	0,011
50,000	0,009
52,000	0,005
54,000	0,011
56,000	0,008
58,000	0,001
60,000	0,011
62,000	0,009
64,000	0,005
66,000	0,009
68,000	0,011
70,000	0,017
72,000	0,011
74,000	0,012
76,000	0,009
78,000	0,012
80,000	0,011
82,000	0,010
84,000	0,005
86,000	0,014
88,000	0,014
90,000	0,009
92,000	0,009
94,000	0,010
96,000	0,013
98,000	0,006
100,000	0,006
102,000	0,008
104,000	0,010
106,000	0,010
108,000	0,015
110,000	0,006
112,000	0,014
114,000	0,007
116,000	0,012
118,000	0,015
120,000	0,015
122,000	0,013
124,000	0,016
126,000	0,017
128,000	0,016
130,000	0,018
132,000	0,013
134,000	0,021
136,000	0,014
138,000	0,010
140,000	0,009
142,000	0,010
144,000	0,011
146,000	0,011
148,000	0,015
150,000	0,013
152,000	0,017
154,000	0,009
156,000	0,009
158,000	0,010
160,000	0,015
162,000	0,017
164,000	0,013
166,000	0,016
168,000	0,015
170,000	0,018
172,000	0,016
174,000	0,014
176,000	0,019
178,000	0,021
180,000	0,019
182,000	0,022
184,000	0,024
186,000	0,020
188,000	0,019
190,000	0,019
192,000	0,015
194,000	0,019
196,000	0,025
198,000	0,023
200,000	0,022
202,000	0,027
204,000	0,023
206,000	0,031
208,000	0,026
210,000	0,037
212,000	0,034
214,000	0,051
216,000	0,051
218,000	0,073
220,000	0,081
222,000	0,173
224,000	0,193
226,000	0,087
228,000	0,045
230,000	0,038
232,000	0,039
234,000	0,028
236,000	0,037
238,000	0,031
240,000	0,031
242,000	0,023
244,000	0,020
246,000	0,017
248,000	0,012
250,000	0,008
252,000	0,011
254,000	0,002
256,000	0,017
258,000	0,013
260,000	0,028
262,000	0,026
264,000	0,058
266,000	0,076
268,000	0,172
270,000	0,188
272,000	0,088
274,000	0,056
276,000	0,049
278,000	0,049
280,000	0,043
282,000	0,044
284,000	0,044
286,000	0,042
288,000	0,041
290,000	0,036
292,000	0,031
294,000	0,033
296,000	0,025
298,000	0,029
300,000	0,027
302,000	0,027
304,000	0,019
306,000	0,028
308,000	0,019
310,000	0,016
312,000	0,013
314,000	0,020
316,000	0,015
318,000	0,016
320,000	0,017
322,000	0,017
324,000	0,016
326,000	0,015
328,000	0,013
330,000	0,014
332,000	0,012
334,000	0,013
336,000	0,013
338,000	0,009
340,000	0,012
342,000	0,009
344,000	0,010
346,000	0,010
348,000	0,011
350,000	0,005
352,000	0,008
354,000	0,009
356,000	0,005
358,000	0,012
360,000	0,010
362,000	0,003
364,000	0,006
366,000	0,008
368,000	0,011
370,000	0,009
372,000	0,007
374,000	0,005
376,000	0,010
378,000	0,009
380,000	0,010
382,000	0,009
384,000	0,007
386,000	0,004
388,000	0,007
390,000	0,007
392,000	0,008
394,000	0,002
396,000	0,010
398,000	0,005
400,000	0,005
402,000	0,007
404,000	0,002
406,000	0,004
408,000	0,006
410,000	0,010
412,000	0,007
414,000	0,009
416,000	0,011
418,000	0,002
420,000	0,005
422,000	0,002
424,000	0,002
426,000	0,005
428,000	0,007
430,000	0,004
432,000	0,004
434,000	0,000
436,000	0,004
438,000	0,007
440,000	0,009
442,000	0,007
444,000	0,004
446,000	0,002
448,000	0,002
450,000	0,003
452,000	0,007
454,000	0,005
456,000	0,005
458,000	0,003
460,000	0,003
462,000	0,005
464,000	0,006
466,000	0,005
468,000	0,006
470,000	0,005
472,000	0,005
474,000	0,007
476,000	0,002
478,000	0,004
480,000	0,002
482,000	0,003
484,000	0,001
486,000	0,004
488,000	0,007
490,000	0,003
492,000	0,003
494,000	0,007
496,000	0,005
498,000	0,002
500,000	0,006
502,000	0,006
504,000	0,003
506,000	0,002
508,000	0,003
510,000	0,005
512,000	0,008
514,000	0,004
516,000	0,005
518,000	0,008
520,000	0,004
522,000	0,001
524,000	0,003
526,000	0,001
528,000	0,003
530,000	0,003
532,000	0,004
534,000	0,004
536,000	0,003
538,000	0,007
540,000	0,002
542,000	0,007
544,000	0,006
546,000	0,007
548,000	0,006
550,000	0,008
552,000	0,007
554,000	0,004
556,000	0,001
558,000	0,005
560,000	0,002
562,000	0,005
564,000	0,004
566,000	0,004
568,000	0,006
570,000	0,003
572,000	0,004
574,000	0,009
576,000	0,008
578,000	0,005
580,000	0,008
582,000	0,007
584,000	0,007
586,000	0,005
588,000	0,002
590,000	0,002
592,000	0,004
594,000	0,004
596,000	0,001
598,000	0,003
600,000	0,003
602,000	0,002
604,000	0,003
606,000	0,008
608,000	0,008
610,000	0,004
612,000	0,001
614,000	0,003
616,000	0,005
618,000	0,006
620,000	0,004
622,000	0,002
624,000	0,002
626,000	0,007
628,000	0,006
630,000	0,002
632,000	0,004
634,000	0,002
636,000	0,004
638,000	0,001
640,000	0,006
642,000	0,005
644,000	0,007
646,000	0,005
648,000	0,002
650,000	0,004
652,000	0,002
654,000	0,002
656,000	0,005
658,000	0,005
660,000	0,003
662,000	0,003
664,000	0,003
666,000	0,004
668,000	0,003
670,000	0,000
672,000	0,002
674,000	0,002
676,000	0,001
678,000	0,001
680,000	0,004
682,000	0,005
684,000	0,001
686,000	0,006
688,000	0,007
690,000	0,006
692,000	0,003
694,000	0,007
696,000	0,009
698,000	0,007
700,000	0,009
702,000	0,007
704,000	0,005
706,000	0,009
708,000	0,009
710,000	0,007
712,000	0,005
714,000	0,002
716,000	0,004
718,000	0,003
720,000	0,006
722,000	0,007
724,000	0,004
726,000	0,003
728,000	0,005
730,000	0,008
732,000	0,009
734,000	0,006
736,000	0,002
738,000	0,001
740,000	0,004
742,000	0,007
744,000	0,007
746,000	0,005
748,000	0,002
750,000	0,004
752,000	0,004
754,000	0,001
756,000	0,002
758,000	0,003
760,000	0,003
762,000	0,001
764,000	0,003
766,000	0,005
768,000	0,003
770,000	0,003
772,000	0,003
774,000	0,001
776,000	0,007
778,000	0,008
780,000	0,005
782,000	0,003
784,000	0,004
786,000	0,003
788,000	0,005
790,000	0,008
792,000	0,006
794,000	0,004
796,000	0,005
798,000	0,007
800,000	0,005
802,000	0,003
804,000	0,005
806,000	0,005
808,000	0,004
810,000	0,004
812,000	0,001
814,000	0,007
816,000	0,009
818,000	0,006
820,000	0,002
822,000	0,005
824,000	0,005
826,000	0,007
828,000	0,009
830,000	0,007
832,000	0,004
834,000	0,005
836,000	0,003
838,000	0,005
840,000	0,002
842,000	0,003
844,000	0,006
846,000	0,006
848,000	0,008
850,000	0,008
852,000	0,001
854,000	0,005
856,000	0,003
858,000	0,006
860,000	0,005
862,000	0,002
864,000	0,002
866,000	0,005
868,000	0,007
870,000	0,002
872,000	0,006
874,000	0,002
876,000	0,004
878,000	0,005
880,000	0,004
882,000	0,003
884,000	0,002
886,000	0,007
888,000	0,006
890,000	0,003
892,000	0,004
894,000	0,003
896,000	0,007
898,000	0,004
900,000	0,002
902,000	0,002
904,000	0,002
906,000	0,002
908,000	0,002
910,000	0,007
912,000	0,006
914,000	0,005
916,000	0,005
918,000	0,009
920,000	0,010
922,000	0,003
924,000	0,007
926,000	0,002
928,000	0,006
930,000	0,008
932,000	0,008
934,000	0,002
936,000	0,008
938,000	0,005
940,000	0,006
942,000	0,009
944,000	0,003
946,000	0,008
948,000	0,008
950,000	0,002
952,000	0,005
954,000	0,005
956,000	0,001
958,000	0,002
960,000	0,001
962,000	0,001
964,000	0,003
966,000	0,005
968,000	0,002
970,000	0,004
972,000	0,002
974,000	0,002
976,000	0,000
978,000	0,005
980,000	0,006
982,000	0,003
984,000	0,009
986,000	0,011
988,000	0,009
990,000	0,004
992,000	0,005
994,000	0,010
996,000	0,007
998,000	0,006
1000,000	0,010
