   500,0     
     2,0       0,022949
     4,0       0,015904
     6,0       0,027664
     8,0       0,011086
    10,0       0,046401
    12,0       0,021533
    14,0       0,000218
    16,0       0,004685
    18,0       0,004593
    20,0       0,028822
    22,0       0,041268
    24,0       0,026020
    26,0       0,022572
    28,0       0,044681
    30,0       0,037721
    32,0       0,035348
    34,0       0,024846
    36,0       0,022869
    38,0       0,076577
    40,0       0,044148
    42,0       0,067545
    44,0       0,003467
    46,0       0,048829
    48,0       0,181538
    50,0       0,656721
    52,0       0,185769
    54,0       0,037997
    56,0       0,075939
    58,0       0,008758
    60,0       0,087138
    62,0       0,016782
    64,0       0,002972
    66,0       0,005991
    68,0       0,092392
    70,0       0,031086
    72,0       0,056983
    74,0       0,037557
    76,0       0,026413
    78,0       0,120961
    80,0       0,041995
    82,0       0,029013
    84,0       0,040074
    86,0       0,015067
    88,0       0,043257
    90,0       0,044908
    92,0       0,045609
    94,0       0,178618
    96,0       0,065094
    98,0       0,059607
   100,0       0,082261
   102,0       0,080025
   104,0       0,243745
   106,0       0,074952
   108,0       0,197313
   110,0       0,065090
   112,0       0,166644
   114,0       0,132484
   116,0       0,193373
   118,0       0,348154
   120,0       0,284699
   122,0       0,367111
   124,0       0,500963
   126,0       0,595889
   128,0       0,767767
   130,0       1,013459
   132,0       1,531795
   134,0       2,102478
   136,0       3,252026
   138,0       4,301879
   140,0       6,642041
   142,0      12,056225
   144,0      18,805939
   146,0       7,714818
   148,0       4,323826
   150,0       1,484634
   152,0       0,880789
   154,0       0,830693
   156,0       0,366817
   158,0       0,203824
   160,0       0,133528
   162,0       0,053405
   164,0       0,000390
   166,0       0,016220
   168,0       0,031624
   170,0       0,163189
   172,0       0,086937
   174,0       0,178890
   176,0       0,451524
   178,0       0,645896
   180,0       1,474633
   182,0       2,034617
   184,0       3,171299
   186,0      12,330962
   188,0       8,304874
   190,0       6,504810
   192,0       3,571764
   194,0       1,852019
   196,0       1,775287
   198,0       0,907911
   200,0       0,565994
   202,0       0,370337
   204,0       0,793800
   206,0       0,491751
   208,0       0,443559
   210,0       0,407130
   212,0       0,338913
   214,0       0,215296
   216,0       0,074791
   218,0       0,226977
   220,0       0,430089
   222,0       0,070802
   224,0       0,121040
   226,0       0,014178
   228,0       0,087740
   230,0       0,208953
   232,0       0,145606
   234,0       0,079595
   236,0       0,025572
   238,0       0,153889
   240,0       0,022084
   242,0       0,030398
   244,0       0,013230
   246,0       0,040424
   248,0       0,015989
   250,0       0,079323
   252,0       0,005680
   254,0       0,080081
   256,0       0,049261
   258,0       0,025983
   260,0       0,002130
   262,0       0,081707
   264,0       0,058294
   266,0       0,022677
   268,0       0,122583
   270,0       0,185789
   272,0       0,306469
   274,0       0,624535
   276,0       0,784017
   278,0       0,957107
   280,0       1,484277
   282,0       2,534900
   284,0       7,555714
   286,0      10,887792
   288,0       5,628989
   290,0       3,924343
   292,0       2,294907
   294,0       1,506689
   296,0       1,290368
   298,0       0,752918
   300,0       0,751719
   302,0       0,422707
   304,0       0,600063
   306,0       0,371361
   308,0       0,416712
   310,0       0,444629
   312,0       0,478674
   314,0       0,381445
   316,0       0,578830
   318,0       0,118748
   320,0       0,294746
   322,0       0,230404
   324,0       0,269523
   326,0       0,073013
   328,0       0,274439
   330,0       0,392174
   332,0       0,091955
   334,0       0,212486
   336,0       0,184477
   338,0       0,161431
   340,0       0,156738
   342,0       0,347772
   344,0       0,058377
   346,0       0,015139
   348,0       0,063815
   350,0       0,162799
   352,0       0,044584
   354,0       0,048575
   356,0       0,253857
   358,0       0,159173
   360,0       0,068842
   362,0       0,043563
   364,0       0,159089
   366,0       0,061216
   368,0       0,124401
   370,0       0,004311
   372,0       0,043536
   374,0       0,027598
   376,0       0,143245
   378,0       0,102111
   380,0       0,056523
   382,0       0,049457
   384,0       0,042449
   386,0       0,062512
   388,0       0,104784
   390,0       0,151695
   392,0       0,061137
   394,0       0,097715
   396,0       0,106485
   398,0       0,016402
   400,0       0,094469
   402,0       0,037578
   404,0       0,066607
   406,0       0,069872
   408,0       0,127923
   410,0       0,023253
   412,0       0,092965
   414,0       0,023980
   416,0       0,066535
   418,0       0,162643
   420,0       0,122988
   422,0       0,040359
   424,0       0,044950
   426,0       0,109318
   428,0       0,002725
   430,0       0,101470
   432,0       0,037189
   434,0       0,091794
   436,0       0,036199
   438,0       0,068085
   440,0       0,093021
   442,0       0,001213
   444,0       0,063008
   446,0       0,047848
   448,0       0,045482
   450,0       0,049121
   452,0       0,074667
   454,0       0,077549
   456,0       0,006442
   458,0       0,032713
   460,0       0,001828
   462,0       0,053750
   464,0       0,010811
   466,0       0,073232
   468,0       0,012069
   470,0       0,012688
   472,0       0,071012
   474,0       0,115111
   476,0       0,010389
   478,0       0,009318
   480,0       0,081891
   482,0       0,058041
   484,0       0,019900
   486,0       0,001285
   488,0       0,069336
   490,0       0,034480
   492,0       0,008155
   494,0       0,053023
   496,0       0,030890
   498,0       0,029439
   500,0       0,040417
   502,0       0,032497
   504,0       0,059769
   506,0       0,071186
   508,0       0,027834
   510,0       0,047104
   512,0       0,039801
   514,0       0,074501
   516,0       0,009080
   518,0       0,002955
   520,0       0,035756
   522,0       0,024105
   524,0       0,187302
   526,0       0,046244
   528,0       0,017130
   530,0       0,001424
   532,0       0,002752
   534,0       0,056894
   536,0       0,049797
   538,0       0,133165
   540,0       0,007410
   542,0       0,000426
   544,0       0,002241
   546,0       0,017480
   548,0       0,033164
   550,0       0,047491
   552,0       0,058531
   554,0       0,024081
   556,0       0,017867
   558,0       0,026781
   560,0       0,024928
   562,0       0,109792
   564,0       0,061876
   566,0       0,026043
   568,0       0,007394
   570,0       0,010681
   572,0       0,084828
   574,0       0,053124
   576,0       0,050353
   578,0       0,021237
   580,0       0,066558
   582,0       0,001839
   584,0       0,000842
   586,0       0,003583
   588,0       0,017568
   590,0       0,025859
   592,0       0,007674
   594,0       0,056443
   596,0       0,050007
   598,0       0,017611
   600,0       0,038924
   602,0       0,055599
   604,0       0,039006
   606,0       0,023459
   608,0       0,043096
   610,0       0,011935
   612,0       0,019123
   614,0       0,022600
   616,0       0,082216
   618,0       0,057398
   620,0       0,033293
   622,0       0,000996
   624,0       0,149783
   626,0       0,007105
   628,0       0,010001
   630,0       0,059190
   632,0       0,004538
   634,0       0,014976
   636,0       0,088280
   638,0       0,005547
   640,0       0,032115
   642,0       0,025092
   644,0       0,004471
   646,0       0,027521
   648,0       0,028221
   650,0       0,024951
   652,0       0,016240
   654,0       0,026664
   656,0       0,000074
   658,0       0,001393
   660,0       0,035043
   662,0       0,027225
   664,0       0,054694
   666,0       0,036455
   668,0       0,005917
   670,0       0,025073
   672,0       0,001431
   674,0       0,019295
   676,0       0,024475
   678,0       0,017205
   680,0       0,014116
   682,0       0,059246
   684,0       0,012242
   686,0       0,014271
   688,0       0,000524
   690,0       0,019372
   692,0       0,022697
   694,0       0,001432
   696,0       0,018443
   698,0       0,000834
   700,0       0,060897
   702,0       0,060788
   704,0       0,022902
   706,0       0,043033
   708,0       0,019264
   710,0       0,008557
   712,0       0,017460
   714,0       0,012137
   716,0       0,018249
   718,0       0,004860
   720,0       0,001944
   722,0       0,011417
   724,0       0,008103
   726,0       0,053653
   728,0       0,006994
   730,0       0,016202
   732,0       0,063949
   734,0       0,011067
   736,0       0,008193
   738,0       0,049302
   740,0       0,028956
   742,0       0,036430
   744,0       0,152629
   746,0       0,000557
   748,0       0,006227
   750,0       0,002864
   752,0       0,016753
   754,0       0,048196
   756,0       0,038646
   758,0       0,033593
   760,0       0,003967
   762,0       0,014441
   764,0       0,019496
   766,0       0,118796
   768,0       0,043349
   770,0       0,019557
   772,0       0,052974
   774,0       0,008933
   776,0       0,042689
   778,0       0,025154
   780,0       0,028983
   782,0       0,042650
   784,0       0,126723
   786,0       0,005395
   788,0       0,003441
   790,0       0,000445
   792,0       0,010275
   794,0       0,001647
   796,0       0,021157
   798,0       0,018532
   800,0       0,047751
   802,0       0,025066
   804,0       0,001001
   806,0       0,044362
   808,0       0,006929
   810,0       0,011222
   812,0       0,010475
   814,0       0,032100
   816,0       0,005155
   818,0       0,044767
   820,0       0,001722
   822,0       0,044141
   824,0       0,063316
   826,0       0,013242
   828,0       0,050872
   830,0       0,015630
   832,0       0,064755
   834,0       0,128369
   836,0       0,008133
   838,0       0,146187
   840,0       0,004752
   842,0       0,012801
   844,0       0,067791
   846,0       0,000399
   848,0       0,005320
   850,0       0,034024
   852,0       0,004988
   854,0       0,004211
   856,0       0,031348
   858,0       0,041065
   860,0       0,013804
   862,0       0,020625
   864,0       0,027964
   866,0       0,032647
   868,0       0,014336
   870,0       0,017395
   872,0       0,024262
   874,0       0,002523
   876,0       0,004072
   878,0       0,003737
   880,0       0,009070
   882,0       0,009517
   884,0       0,004856
   886,0       0,017316
   888,0       0,005538
   890,0       0,004922
   892,0       0,043096
   894,0       0,041560
   896,0       0,018004
   898,0       0,026639
   900,0       0,032087
   902,0       0,023965
   904,0       0,021310
   906,0       0,056830
   908,0       0,014425
   910,0       0,005747
   912,0       0,000806
   914,0       0,034210
   916,0       0,041883
   918,0       0,017489
   920,0       0,053826
   922,0       0,000508
   924,0       0,017515
   926,0       0,026540
   928,0       0,032675
   930,0       0,004977
   932,0       0,016315
   934,0       0,008481
   936,0       0,031472
   938,0       0,003021
   940,0       0,002241
   942,0       0,120850
   944,0       0,006598
   946,0       0,000418
   948,0       0,034520
   950,0       0,000887
   952,0       0,005302
   954,0       0,008724
   956,0       0,002928
   958,0       0,011970
   960,0       0,030996
   962,0       0,005133
   964,0       0,006949
   966,0       0,072143
   968,0       0,063799
   970,0       0,050710
   972,0       0,012514
   974,0       0,000802
   976,0       0,026028
   978,0       0,000966
   980,0       0,006901
   982,0       0,019317
   984,0       0,008411
   986,0       0,007837
   988,0       0,011876
   990,0       0,007616
   992,0       0,050144
   994,0       0,006374
   996,0       0,015458
   998,0       0,000867
  1000,0       0,038640
